32
33
34
35
36
37
38
39
40
41
42
43
44
45
46
47
48
49
50
51
52
53
54
55
56
57
58
59
60
61
62
63
64
65
66
67
68
69
70
71
72
73
74
75
76
77
78
79
80
81
82
83
84
85
86
87
88
89
90
91
92
93
94
95
96
97
98
99
100
101
102
103
104
105
106
107
108
109
110
111
112
113
114
115
116
117
118
119
120
121
122
123
124
125
126
127
129
141
143
144
157
160
161
162
163
164
165
166
167
168
169
170
171
172
173
174
175
176
177
178
179
180
181
182
183
184
185
186
187
188
189
190
191
192
193
194
195
196
197
198
199
200
201
202
203
204
205
206
207
208
209
210
211
212
213
214
215
216
217
218
219
220
221
222
223
224
225
226
227
228
229
230
231
232
233
234
235
236
237
238
239
240
241
242
243
244
245
246
247
248
249
250
251
252
253
254
255
257
260
261
262
263
275
280
281
283
299
321
322
323
324
328
333
338
339
346
347
352
353
363
376
377
378
379
380
381
382
402
462
464
466
468
470
472
474
476
593
609
710
711
713
714
715
717
729
732
913
914
915
916
917
918
919
920
921
922
923
924
925
926
927
928
929
931
932
933
934
935
936
937
945
946
947
948
949
950
951
952
953
954
955
956
957
958
959
960
961
963
964
965
966
967
968
969
1025
1040
1041
1042
1043
1044
1045
1046
1047
1048
1049
1050
1051
1052
1053
1054
1055
1056
1057
1058
1059
1060
1061
1062
1063
1064
1065
1066
1067
1068
1069
1070
1071
1072
1073
1074
1075
1076
1077
1078
1079
1080
1081
1082
1083
1084
1085
1086
1087
1088
1089
1090
1091
1092
1093
1094
1095
1096
1097
1098
1099
1100
1101
1102
1103
1105
8208
8211
8212
8213
8214
8216
8217
8218
8220
8221
8222
8224
8225
8226
8229
8230
8231
8240
8242
8243
8245
8249
8250
8251
8359
8364
8451
8453
8457
8470
8481
8482
8491
8544
8545
8546
8547
8548
8549
8550
8551
8552
8553
8554
8555
8560
8561
8562
8563
8564
8565
8566
8567
8568
8569
8592
8593
8594
8595
8598
8599
8600
8601
8658
8660
8704
8706
8707
8711
8712
8715
8719
8721
8722
8725
8730
8733
8734
8735
8736
8739
8741
8743
8744
8745
8746
8747
8748
8750
8756
8757
8758
8759
8765
8776
8780
8786
8800
8801
8804
8805
8806
8807
8810
8811
8814
8815
8834
8835
8838
8839
8853
8857
8869
8895
8978
9312
9313
9314
9315
9316
9317
9318
9319
9320
9321
9322
9323
9324
9325
9326
9327
9328
9329
9330
9331
9332
9333
9334
9335
9336
9337
9338
9339
9340
9341
9342
9343
9344
9345
9346
9347
9348
9349
9350
9351
9352
9353
9354
9355
9356
9357
9358
9359
9360
9361
9362
9363
9364
9365
9366
9367
9368
9369
9370
9371
9472
9473
9474
9475
9476
9477
9478
9479
9480
9481
9482
9483
9484
9485
9486
9487
9488
9489
9490
9491
9492
9493
9494
9495
9496
9497
9498
9499
9500
9501
9502
9503
9504
9505
9506
9507
9508
9509
9510
9511
9512
9513
9514
9515
9516
9517
9518
9519
9520
9521
9522
9523
9524
9525
9526
9527
9528
9529
9530
9531
9532
9533
9534
9535
9536
9537
9538
9539
9540
9541
9542
9543
9544
9545
9546
9547
9552
9566
9569
9578
9581
9582
9583
9584
9585
9586
9587
9588
9601
9602
9603
9604
9605
9606
9607
9608
9609
9610
9611
9612
9613
9614
9615
9620
9621
9632
9633
9650
9651
9660
9661
9670
9671
9675
9678
9679
9698
9699
9700
9701
9711
9733
9734
9792
9794
9834
9837
9839
12288
12289
12290
12291
12293
12294
12295
12296
12297
12298
12299
12300
12301
12302
12303
12304
12305
12306
12307
12308
12309
12310
12311
12316
12317
12318
12319
12321
12322
12323
12324
12325
12326
12327
12328
12329
12353
12354
12355
12356
12357
12358
12359
12360
12361
12362
12363
12364
12365
12366
12367
12368
12369
12370
12371
12372
12373
12374
12375
12376
12377
12378
12379
12380
12381
12382
12383
12384
12385
12386
12387
12388
12389
12390
12391
12392
12393
12394
12395
12396
12397
12398
12399
12400
12401
12402
12403
12404
12405
12406
12407
12408
12409
12410
12411
12412
12413
12414
12415
12416
12417
12418
12419
12420
12421
12422
12423
12424
12425
12426
12427
12428
12429
12430
12431
12432
12433
12434
12435
12443
12444
12445
12446
12449
12450
12451
12452
12453
12454
12455
12456
12457
12458
12459
12460
12461
12462
12463
12464
12465
12466
12467
12468
12469
12470
12471
12472
12473
12474
12475
12476
12477
12478
12479
12480
12481
12482
12483
12484
12485
12486
12487
12488
12489
12490
12491
12492
12493
12494
12495
12496
12497
12498
12499
12500
12501
12502
12503
12504
12505
12506
12507
12508
12509
12510
12511
12512
12513
12514
12515
12516
12517
12518
12519
12520
12521
12522
12523
12524
12525
12526
12527
12528
12529
12530
12531
12532
12533
12534
12539
12540
12541
12542
12549
12550
12551
12552
12553
12554
12555
12556
12557
12558
12559
12560
12561
12562
12563
12564
12565
12566
12567
12568
12569
12570
12571
12572
12573
12574
12575
12576
12577
12578
12579
12580
12581
12582
12583
12584
12585
12832
12833
12834
12835
12836
12837
12838
12839
12840
12841
12849
12850
12857
12963
12964
12965
12966
12967
12968
13059
13069
13076
13080
13090
13091
13094
13095
13099
13110
13115
13129
13130
13133
13137
13143
13179
13180
13181
13182
13198
13199
13212
13213
13214
13217
13252
13261
13262
13265
13266
13269
19968
19969
19971
19975
19976
19977
19978
19979
19980
19981
19982
19984
19985
19987
19988
19989
19990
19991
19992
19993
19994
19995
19996
19997
19998
19999
20001
20002
20004
20005
20006
20007
20008
20010
20011
20012
20013
20016
20017
20018
20020
20022
20024
20025
20026
20027
20028
20029
20030
20031
20034
20035
20037
20039
20040
20041
20043
20044
20045
20046
20047
20048
20050
20051
20052
20053
20054
20055
20056
20057
20060
20061
20062
20063
20064
20065
20066
20070
20073
20080
20081
20083
20094
20096
20098
20101
20102
20104
20105
20106
20107
20108
20109
20110
20111
20113
20114
20115
20116
20117
20120
20121
20122
20123
20124
20126
20127
20128
20129
20130
20132
20133
20134
20135
20136
20137
20139
20140
20141
20142
20144
20146
20147
20149
20150
20154
20155
20159
20160
20161
20162
20163
20164
20165
20166
20167
20169
20170
20171
20173
20174
20175
20177
20179
20180
20181
20182
20183
20184
20185
20189
20190
20191
20193
20195
20196
20197
20200
20202
20203
20204
20205
20206
20208
20210
20211
20213
20214
20215
20219
20221
20223
20225
20233
20234
20235
20237
20238
20239
20240
20241
20245
20247
20248
20249
20250
20251
20252
20253
20254
20255
20256
20258
20260
20261
20262
20263
20266
20267
20271
20272
20274
20276
20278
20280
20282
20284
20285
20291
20294
20295
20296
20301
20302
20303
20304
20305
20307
20308
20309
20311
20312
20313
20314
20315
20316
20317
20318
20319
20320
20323
20324
20325
20327
20329
20332
20335
20336
20339
20340
20341
20342
20346
20347
20348
20350
20351
20355
20356
20358
20360
20361
20363
20365
20367
20369
20372
20374
20375
20376
20379
20381
20384
20385
20387
20389
20390
20391
20392
20393
20394
20395
20396
20397
20398
20399
20405
20406
20407
20415
20418
20419
20420
20421
20426
20430
20431
20432
20433
20436
20439
20440
20442
20443
20444
20445
20446
20447
20448
20449
20451
20452
20453
20454
20456
20457
20458
20461
20462
20463
20465
20467
20469
20470
20472
20474
20478
20480
20485
20486
20489
20491
20492
20493
20495
20497
20498
20500
20502
20504
20505
20506
20508
20511
20513
20515
20516
20517
20518
20520
20521
20522
20523
20524
20525
20526
20534
20537
20538
20540
20542
20547
20551
20552
20553
20556
20558
20559
20560
20565
20566
20570
20572
20581
20588
20589
20591
20594
20596
20597
20598
20599
20600
20602
20603
20605
20606
20607
20608
20613
20616
20621
20625
20630
20632
20633
20634
20642
20643
20645
20647
20648
20649
20652
20653
20655
20658
20659
20660
20661
20663
20666
20667
20670
20674
20677
20679
20681
20682
20685
20686
20687
20689
20693
20694
20698
20702
20707
20709
20710
20711
20713
20716
20717
20718
20721
20723
20725
20729
20731
20736
20737
20738
20740
20741
20742
20743
20744
20745
20747
20752
20754
20756
20757
20758
20760
20762
20767
20769
20778
20786
20787
20791
20792
20794
20795
20796
20799
20800
20801
20803
20804
20805
20806
20807
20808
20809
20811
20812
20813
20814
20816
20817
20818
20820
20821
20822
20823
20825
20826
20827
20828
20829
20830
20833
20834
20835
20837
20839
20840
20841
20842
20843
20844
20845
20846
20848
20849
20851
20852
20853
20854
20855
20856
20857
20859
20860
20861
20864
20865
20866
20869
20870
20872
20873
20874
20876
20877
20879
20880
20881
20882
20883
20885
20886
20887
20889
20891
20892
20896
20898
20900
20901
20902
20904
20905
20906
20907
20908
20911
20912
20913
20914
20915
20916
20917
20918
20919
20923
20924
20925
20928
20932
20933
20934
20935
20937
20939
20940
20941
20943
20945
20950
20955
20956
20957
20960
20961
20964
20966
20967
20969
20970
20971
20973
20975
20976
20977
20979
20981
20982
20984
20985
20986
20987
20988
20989
20990
20991
20992
20993
20994
20995
20996
20998
20999
21000
21002
21003
21005
21006
21009
21010
21012
21014
21015
21016
21017
21018
21019
21021
21024
21028
21029
21031
21032
21033
21034
21035
21037
21038
21040
21043
21046
21047
21048
21049
21050
21051
21053
21055
21056
21057
21058
21059
21060
21063
21066
21067
21068
21069
21070
21071
21072
21073
21076
21078
21083
21084
21085
21086
21089
21091
21092
21093
21095
21097
21098
21103
21104
21105
21106
21107
21108
21109
21111
21117
21119
21121
21122
21123
21127
21128
21129
21130
21133
21136
21137
21138
21139
21140
21147
21149
21150
21151
21152
21153
21154
21155
21160
21161
21162
21163
21164
21165
21169
21170
21171
21172
21173
21177
21179
21180
21182
21183
21185
21187
21189
21191
21193
21195
21197
21200
21202
21205
21206
21207
21208
21209
21211
21213
21214
21215
21216
21218
21219
21220
21222
21223
21232
21234
21235
21237
21240
21241
21242
21243
21246
21247
21248
21249
21250
21253
21254
21256
21261
21263
21264
21269
21270
21271
21273
21274
21277
21280
21281
21283
21286
21290
21294
21295
21297
21299
21304
21305
21306
21307
21310
21311
21312
21313
21315
21316
21317
21318
21319
21320
21321
21322
21325
21326
21327
21329
21330
21331
21332
21333
21334
21335
21336
21338
21340
21342
21343
21344
21345
21346
21347
21348
21350
21351
21353
21355
21358
21359
21360
21361
21363
21364
21365
21367
21368
21369
21370
21371
21375
21378
21380
21381
21382
21385
21387
21388
21389
21397
21398
21400
21402
21405
21407
21408
21410
21411
21413
21414
21416
21417
21421
21422
21424
21426
21427
21430
21435
21439
21441
21442
21443
21448
21449
21450
21451
21452
21453
21454
21457
21460
21462
21463
21464
21465
21467
21471
21472
21473
21474
21475
21476
21477
21478
21480
21481
21482
21483
21484
21485
21486
21487
21488
21489
21490
21491
21493
21494
21495
21496
21497
21498
21499
21500
21501
21505
21507
21508
21510
21512
21513
21514
21515
21516
21517
21518
21519
21520
21521
21522
21523
21525
21526
21527
21531
21533
21534
21535
21536
21537
21539
21542
21543
21544
21545
21547
21548
21549
21550
21551
21553
21554
21555
21556
21557
21558
21560
21561
21563
21564
21565
21566
21568
21570
21571
21574
21576
21577
21578
21579
21582
21584
21585
21586
21587
21588
21589
21590
21591
21592
21593
21595
21596
21599
21602
21604
21606
21608
21610
21616
21617
21618
21619
21621
21622
21623
21624
21627
21628
21629
21632
21634
21636
21638
21643
21644
21646
21647
21648
21650
21652
21653
21654
21657
21658
21659
21661
21666
21667
21668
21669
21670
21671
21672
21673
21674
21675
21676
21677
21679
21681
21682
21683
21684
21688
21691
21692
21693
21694
21695
21696
21697
21698
21700
21702
21703
21704
21705
21708
21709
21710
21711
21712
21713
21714
21715
21716
21717
21719
21720
21721
21722
21724
21725
21726
21727
21729
21730
21733
21734
21735
21736
21737
21738
21741
21742
21746
21747
21754
21756
21757
21759
21761
21764
21766
21767
21769
21775
21776
21777
21780
21782
21787
21792
21794
21795
21796
21799
21802
21804
21806
21807
21808
21809
21811
21815
21816
21817
21820
21822
21823
21824
21825
21827
21828
21829
21830
21833
21834
21836
21839
21840
21843
21845
21846
21847
21852
21853
21854
21855
21857
21859
21860
21861
21862
21863
21866
21868
21869
21870
21877
21878
21879
21880
21883
21884
21886
21888
21889
21890
21891
21892
21895
21896
21897
21898
21899
21903
21905
21908
21912
21913
21914
21916
21917
21918
21919
21927
21928
21929
21930
21931
21932
21934
21936
21937
21938
21939
21941
21942
21943
21945
21947
21949
21950
21956
21957
21958
21959
21961
21964
21965
21966
21969
21970
21971
21972
21974
21978
21980
21981
21983
21985
21987
21988
21989
21990
21991
21992
21994
21995
21996
21999
22002
22003
22005
22006
22007
22009
22013
22014
22016
22017
22022
22024
22025
22028
22029
22030
22031
22032
22036
22038
22039
22040
22043
22046
22047
22051
22052
22055
22057
22060
22061
22062
22063
22064
22065
22066
22068
22070
22072
22073
22075
22079
22082
22092
22093
22094
22096
22099
22100
22103
22104
22105
22107
22108
22114
22116
22117
22120
22121
22122
22123
22124
22127
22129
22132
22134
22136
22137
22138
22139
22140
22144
22149
22150
22151
22154
22158
22159
22160
22163
22164
22165
22176
22178
22179
22181
22184
22190
22191
22196
22198
22199
22204
22208
22209
22210
22211
22216
22217
22218
22220
22222
22225
22227
22228
22231
22232
22234
22235
22237
22238
22239
22240
22241
22242
22243
22244
22250
22251
22253
22254
22256
22257
22258
22259
22260
22261
22265
22266
22269
22270
22271
22272
22275
22276
22278
22280
22281
22282
22283
22285
22287
22290
22291
22294
22296
22300
22303
22307
22310
22311
22312
22313
22314
22316
22317
22318
22319
22320
22323
22327
22328
22329
22330
22331
22334
22336
22338
22343
22346
22348
22349
22350
22351
22352
22353
22359
22362
22363
22364
22365
22366
22367
22368
22369
22372
22374
22376
22377
22378
22379
22381
22383
22387
22390
22391
22395
22396
22399
22402
22403
22404
22405
22406
22408
22409
22411
22412
22418
22419
22427
22432
22433
22434
22435
22436
22438
22439
22441
22442
22443
22445
22446
22448
22450
22451
22452
22456
22464
22466
22467
22470
22475
22478
22479
22482
22483
22484
22485
22486
22488
22489
22490
22492
22493
22495
22496
22499
22500
22509
22511
22516
22519
22520
22521
22522
22524
22525
22528
22530
22533
22534
22535
22537
22538
22539
22541
22545
22549
22553
22557
22558
22560
22561
22564
22570
22575
22576
22577
22580
22581
22586
22589
22592
22593
22596
22602
22603
22604
22605
22609
22610
22612
22615
22616
22617
22618
22622
22626
22629
22633
22635
22636
22637
22640
22642
22645
22649
22653
22654
22656
22657
22659
22661
22665
22666
22674
22675
22679
22681
22682
22684
22686
22687
22694
22696
22697
22699
22702
22707
22712
22713
22714
22715
22716
22718
22721
22725
22727
22730
22732
22734
22737
22739
22741
22743
22744
22745
22748
22750
22751
22754
22756
22757
22761
22763
22764
22766
22767
22768
22769
22770
22771
22774
22775
22777
22778
22779
22780
22781
22786
22788
22791
22793
22794
22797
22799
22800
22804
22805
22806
22808
22809
22810
22811
22812
22815
22816
22818
22820
22821
22823
22825
22826
22827
22828
22829
22830
22831
22833
22834
22836
22839
22840
22841
22842
22844
22846
22849
22850
22852
22855
22856
22857
22859
22862
22863
22864
22865
22868
22869
22870
22871
22872
22874
22880
22882
22885
22887
22888
22889
22890
22892
22893
22894
22899
22900
22902
22904
22905
22909
22913
22914
22915
22916
22918
22919
22920
22922
22925
22930
22931
22934
22935
22937
22939
22941
22942
22947
22948
22949
22952
22953
22954
22955
22956
22958
22959
22962
22963
22969
22971
22974
22981
22982
22985
22986
22987
22989
22992
22993
22994
22995
22996
22999
23000
23001
23002
23004
23005
23011
23013
23014
23016
23018
23019
23020
23030
23033
23035
23039
23041
23043
23044
23045
23046
23047
23048
23049
23052
23057
23059
23064
23066
23067
23068
23071
23072
23075
23077
23081
23087
23089
23090
23092
23093
23094
23100
23104
23105
23110
23113
23114
23125
23130
23138
23142
23143
23146
23148
23156
23157
23158
23159
23162
23167
23186
23194
23195
23207
23210
23218
23219
23221
23224
23228
23229
23230
23233
23234
23241
23243
23244
23248
23250
23252
23254
23255
23256
23260
23264
23265
23267
23270
23273
23275
23281
23285
23290
23291
23304
23305
23307
23308
23318
23319
23325
23330
23332
23338
23340
23344
23346
23348
23350
23351
23352
23358
23360
23363
23365
23376
23377
23379
23380
23381
23383
23384
23385
23386
23387
23388
23389
23391
23394
23395
23396
23397
23398
23401
23402
23403
23404
23408
23409
23411
23413
23416
23418
23421
23423
23424
23425
23427
23428
23429
23431
23432
23433
23435
23436
23437
23439
23443
23445
23447
23448
23449
23450
23451
23452
23453
23454
23455
23456
23457
23458
23459
23460
23461
23462
23466
23467
23470
23472
23475
23476
23477
23478
23480
23481
23485
23486
23487
23490
23491
23492
23493
23494
23495
23497
23500
23504
23506
23507
23508
23515
23517
23518
23519
23521
23522
23524
23525
23526
23527
23528
23529
23531
23532
23534
23536
23539
23541
23542
23544
23545
23546
23547
23548
23550
23551
23553
23554
23556
23557
23558
23559
23560
23561
23562
23563
23565
23566
23567
23569
23571
23572
23573
23574
23576
23578
23580
23581
23584
23586
23588
23589
23591
23592
23596
23597
23601
23604
23607
23608
23609
23610
23611
23612
23613
23614
23615
23616
23617
23618
23621
23622
23624
23625
23626
23627
23629
23630
23631
23632
23633
23635
23637
23640
23641
23644
23645
23646
23648
23649
23650
23651
23652
23653
23654
23656
23660
23662
23663
23665
23670
23673
23674
23679
23681
23682
23688
23692
23693
23696
23697
23700
23702
23703
23704
23705
23706
23707
23708
23713
23714
23715
23720
23721
23723
23724
23725
23729
23731
23733
23734
23735
23736
23739
23740
23741
23742
23743
23745
23748
23749
23751
23755
23762
23769
23776
23777
23780
23781
23782
23784
23785
23786
23789
23791
23792
23796
23798
23802
23803
23805
23809
23810
23811
23814
23815
23819
23822
23825
23828
23829
23830
23831
23832
23833
23834
23835
23838
23839
23842
23844
23846
23847
23849
23853
23854
23860
23869
23870
23879
23882
23883
23884
23886
23888
23890
23896
23899
23900
23901
23913
23915
23916
23919
23923
23924
23926
23938
23940
23943
23947
23948
23952
23956
23961
23965
23970
23980
23982
23991
23992
23994
23996
23997
24005
24009
24012
24013
24018
24019
24020
24022
24027
24029
24030
24033
24034
24035
24037
24038
24039
24040
24041
24043
24046
24047
24049
24050
24051
24052
24053
24055
24059
24061
24062
24065
24066
24067
24069
24070
24072
24075
24076
24079
24080
24081
24084
24085
24086
24088
24089
24090
24091
24092
24093
24095
24101
24102
24103
24107
24109
24110
24111
24112
24113
24115
24118
24119
24120
24123
24124
24125
24128
24130
24131
24132
24133
24135
24140
24142
24148
24149
24151
24155
24158
24159
24161
24162
24163
24164
24171
24178
24179
24180
24181
24182
24184
24185
24186
24187
24188
24189
24190
24191
24192
24193
24195
24196
24198
24199
24202
24203
24207
24208
24209
24211
24212
24213
24214
24215
24217
24218
24220
24222
24223
24224
24229
24230
24231
24235
24237
24243
24245
24246
24247
24248
24249
24254
24257
24258
24259
24260
24264
24265
24266
24271
24272
24273
24274
24275
24278
24282
24283
24285
24287
24288
24289
24290
24291
24296
24297
24298
24300
24304
24305
24307
24308
24310
24311
24312
24314
24315
24316
24318
24319
24320
24321
24322
24323
24324
24328
24329
24330
24331
24332
24333
24335
24336
24337
24338
24339
24340
24341
24342
24343
24344
24347
24351
24352
24357
24358
24359
24361
24362
24365
24367
24369
24373
24375
24376
24377
24378
24380
24382
24384
24385
24390
24392
24394
24396
24398
24400
24401
24402
24403
24405
24406
24407
24408
24409
24412
24413
24417
24418
24420
24421
24422
24425
24426
24427
24428
24429
24432
24433
24435
24439
24441
24443
24444
24447
24448
24449
24450
24451
24452
24453
24455
24456
24457
24458
24459
24460
24464
24465
24466
24467
24469
24471
24472
24473
24476
24478
24480
24481
24488
24489
24490
24492
24493
24494
24499
24500
24501
24503
24505
24508
24509
24515
24516
24517
24518
24521
24524
24525
24527
24528
24529
24530
24534
24535
24536
24537
24540
24541
24544
24545
24548
24551
24554
24555
24557
24558
24560
24561
24565
24568
24571
24573
24574
24575
24576
24577
24578
24579
24580
24581
24582
24586
24589
24590
24591
24592
24594
24596
24597
24598
24601
24603
24604
24605
24608
24609
24613
24614
24615
24616
24617
24618
24619
24623
24625
24629
24634
24635
24636
24639
24641
24642
24643
24646
24650
24651
24653
24656
24658
24661
24665
24666
24669
24671
24672
24674
24675
24676
24677
24679
24680
24681
24682
24683
24684
24685
24687
24688
24691
24693
24694
24695
24696
24697
24698
24699
24700
24701
24703
24705
24707
24708
24709
24713
24715
24716
24717
24722
24724
24726
24727
24730
24731
24733
24735
24736
24739
24742
24743
24744
24745
24746
24747
24748
24749
24751
24753
24754
24755
24756
24757
24758
24760
24763
24764
24765
24773
24774
24775
24778
24779
24785
24787
24789
24792
24794
24796
24797
24799
24800
24801
24803
24806
24807
24808
24809
24811
24812
24813
24814
24815
24816
24817
24819
24820
24822
24823
24825
24826
24827
24832
24833
24835
24838
24840
24841
24845
24846
24847
24850
24853
24858
24859
24860
24863
24864
24865
24867
24868
24870
24871
24872
24875
24876
24884
24887
24892
24893
24894
24895
24898
24900
24903
24904
24906
24907
24908
24909
24910
24913
24915
24917
24920
24921
24922
24925
24927
24930
24931
24933
24935
24936
24939
24942
24943
24944
24945
24947
24948
24949
24950
24951
24956
24958
24962
24967
24970
24971
24974
24976
24977
24980
24982
24985
24986
24989
24996
24999
25000
25001
25003
25004
25006
25010
25014
25015
25018
25022
25026
25027
25030
25031
25032
25033
25034
25035
25036
25037
25040
25041
25042
25044
25059
25062
25074
25076
25077
25078
25079
25080
25082
25084
25085
25086
25087
25088
25094
25096
25097
25098
25099
25100
25101
25102
25103
25104
25105
25106
25108
25109
25110
25111
25112
25114
25115
25117
25118
25119
25121
25122
25124
25125
25126
25130
25132
25134
25135
25136
25138
25139
25140
25142
25143
25144
25147
25149
25150
25151
25152
25153
25155
25159
25160
25161
25163
25164
25165
25166
25169
25170
25171
25172
25173
25176
25179
25182
25184
25187
25190
25191
25192
25193
25194
25195
25196
25197
25198
25199
25200
25201
25203
25206
25209
25212
25214
25215
25216
25218
25219
25220
25222
25225
25226
25233
25234
25235
25236
25237
25238
25239
25240
25242
25243
25244
25246
25247
25248
25249
25250
25252
25253
25256
25259
25260
25265
25269
25273
25275
25276
25277
25279
25282
25284
25285
25286
25287
25288
25289
25290
25291
25292
25293
25294
25295
25296
25297
25298
25299
25300
25302
25303
25304
25305
25306
25307
25308
25309
25311
25312
25313
25314
25315
25317
25318
25319
25320
25321
25324
25325
25326
25327
25329
25331
25332
25333
25334
25335
25340
25341
25342
25343
25345
25346
25351
25352
25353
25356
25358
25361
25366
25369
25370
25371
25373
25374
25375
25376
25377
25378
25379
25380
25381
25383
25384
25386
25387
25391
25394
25401
25402
25405
25406
25407
25410
25411
25413
25414
25417
25419
25420
25421
25422
25423
25424
25429
25431
25436
25438
25439
25441
25442
25443
25447
25448
25449
25451
25453
25454
25457
25458
25462
25463
25466
25467
25472
25474
25475
25476
25479
25480
25481
25482
25484
25486
25487
25488
25490
25494
25496
25497
25499
25503
25504
25505
25506
25507
25509
25511
25512
25513
25514
25515
25516
25517
25518
25520
25522
25523
25524
25525
25527
25528
25530
25531
25532
25534
25536
25539
25540
25542
25545
25549
25550
25551
25552
25554
25558
25562
25563
25566
25568
25569
25571
25577
25578
25581
25582
25586
25588
25590
25592
25593
25594
25597
25599
25600
25601
25602
25605
25606
25611
25612
25613
25615
25616
25619
25620
25622
25623
25627
25628
25630
25632
25633
25638
25640
25642
25644
25645
25652
25654
25658
25661
25662
25663
25665
25666
25668
25669
25670
25671
25672
25674
25678
25681
25682
25684
25688
25694
25695
25703
25705
25709
25711
25718
25720
25721
25722
25723
25730
25731
25732
25733
25735
25736
25744
25745
25746
25747
25749
25750
25753
25754
25758
25762
25764
25765
25769
25771
25772
25773
25774
25776
25778
25779
25781
25783
25784
25785
25786
25787
25788
25790
25791
25792
25793
25794
25796
25797
25799
25802
25803
25805
25806
25808
25810
25812
25815
25816
25818
25822
25824
25825
25826
25827
25828
25830
25831
25836
25837
25839
25840
25841
25842
25844
25846
25847
25850
25851
25853
25854
25856
25861
25862
25865
25871
25874
25876
25880
25881
25884
25885
25891
25892
25893
25898
25899
25900
25902
25903
25908
25909
25910
25911
25912
25913
25915
25918
25919
25925
25928
25929
25932
25933
25935
25937
25940
25941
25942
25943
25944
25945
25947
25949
25950
25954
25955
25958
25963
25964
25968
25970
25972
25973
25975
25976
25986
25987
25991
25992
25993
25995
25996
25998
26000
26001
26003
26005
26007
26009
26011
26012
26015
26017
26020
26021
26023
26025
26027
26028
26029
26031
26032
26039
26041
26044
26045
26049
26051
26052
26053
26054
26059
26060
26062
26063
26066
26070
26071
26073
26075
26080
26081
26082
26085
26086
26087
26088
26089
26092
26093
26094
26095
26096
26097
26102
26103
26106
26107
26112
26114
26115
26118
26119
26122
26124
26126
26127
26131
26132
26133
26137
26140
26141
26143
26144
26148
26149
26151
26152
26157
26159
26161
26164
26165
26166
26172
26174
26175
26177
26178
26179
26180
26181
26185
26187
26188
26191
26194
26195
26196
26197
26198
26199
26202
26205
26206
26207
26209
26210
26212
26214
26215
26216
26217
26222
26223
26224
26228
26230
26231
26234
26238
26241
26242
26243
26244
26247
26248
26249
26252
26253
26254
26257
26262
26263
26264
26269
26274
26278
26279
26280
26283
26286
26289
26292
26296
26297
26300
26302
26305
26308
26310
26311
26313
26326
26329
26330
26331
26332
26333
26336
26342
26345
26348
26352
26354
26355
26356
26357
26359
26360
26361
26364
26365
26366
26367
26368
26371
26376
26377
26378
26379
26381
26383
26384
26388
26389
26390
26391
26395
26397
26398
26399
26406
26407
26408
26410
26411
26412
26413
26414
26415
26417
26420
26421
26422
26423
26424
26426
26429
26431
26432
26433
26434
26435
26438
26440
26441
26444
26446
26447
26448
26449
26451
26454
26455
26457
26460
26462
26463
26464
26465
26466
26467
26468
26469
26472
26473
26474
26477
26479
26480
26481
26482
26483
26485
26487
26492
26494
26495
26497
26500
26501
26503
26505
26507
26508
26512
26515
26517
26519
26520
26522
26524
26525
26526
26528
26529
26530
26531
26533
26534
26535
26536
26537
26538
26539
26541
26543
26544
26547
26548
26549
26550
26551
26552
26553
26561
26563
26564
26566
26570
26574
26575
26576
26577
26578
26579
26580
26584
26585
26586
26588
26589
26590
26592
26594
26596
26597
26599
26601
26604
26606
26607
26608
26609
26611
26612
26613
26619
26621
26622
26623
26624
26626
26627
26628
26629
26631
26632
26633
26634
26635
26636
26638
26639
26641
26643
26646
26647
26648
26653
26654
26657
26658
26665
26666
26667
26674
26675
26676
26679
26680
26681
26684
26685
26686
26688
26689
26690
26691
26692
26693
26694
26696
26697
26698
26700
26701
26702
26704
26705
26707
26708
26709
26713
26716
26717
26719
26720
26721
26722
26723
26724
26725
26726
26727
26728
26729
26731
26740
26742
26743
26750
26751
26753
26754
26755
26757
26758
26765
26767
26771
26772
26775
26779
26781
26783
26784
26785
26786
26790
26791
26792
26797
26799
26800
26801
26803
26805
26806
26809
26810
26812
26816
26818
26820
26822
26825
26826
26827
26829
26834
26836
26837
26839
26840
26842
26847
26848
26849
26851
26855
26862
26863
26864
26865
26866
26869
26873
26874
26875
26876
26880
26881
26884
26885
26888
26891
26892
26893
26894
26895
26896
26898
26905
26906
26907
26908
26911
26912
26913
26914
26915
26916
26917
26918
26920
26922
26925
26928
26932
26934
26937
26941
26943
26946
26954
26963
26964
26965
26967
26969
26970
26971
26972
26973
26974
26976
26977
26978
26979
26982
26984
26986
26987
26989
26990
26991
26993
26995
26996
26997
26999
27000
27001
27004
27005
27006
27008
27009
27010
27012
27014
27015
27016
27017
27018
27021
27022
27025
27028
27029
27032
27035
27036
27040
27043
27046
27047
27048
27051
27053
27054
27057
27058
27060
27063
27067
27070
27071
27073
27075
27079
27082
27083
27084
27085
27086
27088
27091
27092
27096
27097
27099
27101
27102
27103
27104
27111
27112
27115
27117
27122
27123
27129
27131
27133
27135
27137
27138
27141
27146
27147
27148
27153
27154
27155
27156
27159
27160
27161
27163
27166
27167
27169
27170
27171
27176
27177
27178
27179
27182
27183
27185
27189
27190
27192
27193
27194
27197
27198
27204
27207
27208
27211
27216
27224
27225
27227
27231
27233
27234
27237
27238
27243
27249
27250
27256
27257
27260
27262
27263
27264
27268
27277
27278
27280
27281
27284
27287
27292
27296
27298
27299
27305
27306
27307
27308
27310
27311
27315
27320
27323
27329
27330
27331
27345
27347
27354
27355
27357
27358
27359
27365
27368
27370
27372
27386
27387
27396
27397
27402
27408
27410
27414
27421
27423
27424
27425
27426
27427
27428
27431
27442
27447
27448
27449
27450
27453
27454
27459
27462
27463
27465
27468
27470
27472
27475
27476
27481
27483
27484
27487
27489
27490
27491
27492
27493
27494
27495
27497
27498
27503
27506
27507
27508
27511
27512
27513
27515
27516
27519
27520
27521
27522
27523
27524
27526
27527
27529
27530
27531
27533
27538
27539
27541
27542
27544
27546
27547
27550
27553
27556
27562
27563
27566
27567
27569
27570
27571
27572
27573
27575
27578
27579
27580
27583
27584
27585
27586
27589
27590
27595
27597
27598
27599
27602
27603
27604
27605
27606
27607
27608
27609
27610
27611
27615
27617
27626
27627
27628
27631
27635
27637
27641
27645
27653
27654
27655
27656
27661
27663
27664
27665
27667
27668
27669
27670
27671
27672
27673
27674
27675
27679
27681
27682
27683
27684
27686
27687
27688
27689
27690
27691
27692
27694
27695
27696
27698
27699
27700
27701
27703
27704
27709
27710
27712
27713
27714
27718
27719
27721
27722
27725
27726
27728
27732
27733
27735
27737
27738
27739
27740
27741
27742
27743
27744
27745
27746
27748
27752
27753
27754
27760
27762
27763
27764
27766
27769
27770
27773
27774
27777
27778
27779
27781
27782
27784
27785
27788
27789
27791
27792
27794
27795
27796
27798
27800
27801
27802
27803
27807
27809
27810
27811
27812
27813
27814
27815
27817
27818
27819
27820
27821
27822
27825
27826
27827
27832
27833
27834
27835
27836
27837
27838
27839
27841
27844
27845
27849
27850
27852
27856
27859
27860
27861
27862
27863
27865
27867
27868
27869
27870
27872
27873
27874
27875
27877
27880
27882
27883
27886
27887
27888
27889
27891
27893
27894
27895
27896
27898
27899
27900
27901
27902
27905
27908
27911
27915
27916
27918
27922
27927
27929
27930
27931
27934
27935
27941
27943
27945
27946
27947
27950
27953
27954
27955
27957
27958
27960
27961
27963
27964
27965
27966
27969
27971
27972
27973
27974
27975
27976
27978
27979
27981
27982
27983
27985
27986
27987
27988
27993
27994
27996
27998
28000
28003
28004
28005
28006
28009
28010
28012
28014
28015
28020
28023
28024
28025
28028
28034
28037
28039
28040
28041
28042
28044
28046
28049
28051
28052
28053
28057
28059
28060
28061
28062
28063
28064
28065
28067
28068
28070
28071
28072
28073
28074
28075
28078
28079
28082
28085
28088
28092
28095
28096
28100
28101
28102
28103
28107
28108
28113
28114
28117
28118
28120
28121
28122
28125
28126
28128
28129
28132
28134
28136
28138
28139
28140
28142
28145
28147
28149
28151
28153
28154
28155
28156
28165
28167
28168
28169
28170
28171
28172
28173
28174
28176
28177
28179
28180
28181
28182
28183
28185
28186
28187
28189
28191
28192
28193
28195
28196
28197
28198
28201
28203
28204
28205
28206
28207
28210
28212
28216
28218
28222
28227
28228
28234
28237
28238
28243
28244
28246
28248
28251
28255
28259
28263
28265
28267
28270
28271
28274
28278
28286
28287
28288
28290
28291
28293
28294
28297
28300
28303
28304
28310
28312
28316
28317
28319
28322
28325
28327
28330
28331
28335
28337
28338
28340
28342
28343
28346
28347
28348
28349
28353
28354
28356
28357
28359
28361
28363
28364
28367
28369
28371
28372
28373
28375
28378
28381
28382
28383
28384
28385
28386
28388
28389
28390
28392
28393
28396
28399
28402
28404
28407
28408
28409
28414
28415
28417
28418
28422
28425
28431
28433
28435
28436
28437
28448
28450
28451
28452
28457
28458
28459
28460
28461
28463
28465
28466
28467
28470
28472
28478
28479
28481
28485
28486
28487
28491
28493
28497
28500
28504
28507
28508
28510
28511
28512
28514
28516
28518
28525
28526
28527
28528
28530
28532
28536
28538
28540
28544
28545
28546
28548
28550
28552
28553
28556
28557
28558
28561
28567
28572
28576
28577
28579
28580
28582
28583
28586
28593
28595
28596
28598
28601
28608
28609
28610
28611
28614
28617
28625
28626
28628
28629
28632
28635
28638
28639
28640
28641
28644
28649
28651
28652
28654
28655
28656
28657
28659
28662
28666
28670
28673
28678
28681
28683
28687
28689
28693
28696
28698
28699
28701
28702
28703
28707
28710
28711
28712
28716
28720
28722
28725
28729
28734
28748
28751
28753
28760
28766
28771
28772
28779
28780
28781
28783
28784
28789
28790
28792
28796
28797
28798
28799
28800
28805
28809
28810
28814
28818
28820
28821
28822
28825
28828
28829
28836
28843
28844
28845
28846
28847
28849
28851
28855
28856
28857
28858
28859
28860
28861
28864
28865
28866
28867
28872
28874
28875
28879
28888
28889
28891
28893
28895
28900
28902
28903
28904
28905
28907
28908
28909
28911
28913
28919
28921
28925
28937
28938
28944
28947
28948
28949
28950
28952
28953
28954
28956
28961
28966
28975
28976
28977
28982
28988
28997
28998
29001
29002
29004
29006
29013
29014
29017
29020
29022
29026
29028
29029
29030
29031
29032
29033
29036
29038
29042
29043
29048
29050
29053
29060
29064
29066
29071
29074
29076
29077
29080
29081
29087
29088
29096
29100
29105
29107
29109
29113
29118
29123
29124
29128
29129
29134
29136
29138
29140
29141
29143
29145
29148
29151
29152
29157
29158
29159
29164
29165
29166
29172
29173
29176
29177
29179
29180
29182
29183
29190
29197
29200
29211
29213
29224
29226
29228
29229
29232
29233
29234
29237
29238
29239
29240
29241
29242
29243
29244
29245
29246
29247
29248
29254
29255
29256
29259
29260
29261
29266
29270
29272
29273
29275
29277
29279
29280
29281
29282
29286
29287
29289
29294
29295
29298
29300
29301
29305
29306
29309
29310
29311
29312
29313
29314
29316
29319
29322
29323
29325
29327
29330
29334
29339
29343
29344
29346
29351
29356
29357
29359
29360
29362
29364
29366
29367
29368
29369
29376
29377
29378
29379
29380
29382
29384
29389
29390
29392
29394
29399
29401
29403
29406
29408
29409
29410
29416
29417
29420
29421
29422
29423
29424
29425
29426
29427
29428
29431
29432
29433
29434
29435
29436
29437
29441
29443
29450
29454
29459
29461
29462
29463
29465
29467
29468
29469
29470
29471
29473
29474
29477
29481
29482
29483
29484
29486
29487
29489
29492
29494
29495
29496
29497
29502
29503
29508
29509
29517
29518
29519
29520
29522
29527
29536
29539
29544
29546
29548
29549
29551
29552
29554
29557
29559
29560
29562
29563
29566
29568
29572
29574
29575
29577
29579
29582
29585
29590
29595
29599
29602
29605
29608
29609
29611
29614
29615
29616
29618
29619
29623
29626
29627
29632
29634
29640
29641
29642
29645
29646
29647
29648
29649
29657
29662
29664
29669
29671
29673
29674
29677
29678
29681
29682
29688
29694
29699
29701
29702
29705
29706
29709
29711
29712
29722
29723
29730
29733
29734
29736
29738
29740
29742
29743
29744
29746
29747
29748
29749
29750
29754
29756
29759
29761
29781
29783
29785
29786
29787
29788
29790
29791
29792
29795
29796
29801
29802
29805
29807
29808
29811
29814
29815
29822
29824
29825
29827
29831
29835
29838
29840
29848
29852
29854
29855
29858
29859
29862
29863
29864
29865
29872
29882
29885
29887
29898
29903
29906
29908
29910
29914
29916
29918
29920
29922
29923
29924
29926
29927
29929
29934
29935
29936
29937
29938
29940
29942
29943
29944
29951
29955
29956
29957
29964
29965
29966
29967
29969
29971
29973
29976
29977
29978
29980
29982
29983
29986
29987
29989
29990
29992
29993
29995
29996
29997
29999
30000
30001
30002
30003
30005
30007
30008
30010
30011
30012
30013
30014
30016
30020
30021
30022
30024
30025
30026
30027
30028
30029
30030
30031
30033
30036
30041
30042
30043
30044
30045
30048
30050
30052
30053
30054
30055
30057
30058
30059
30061
30064
30066
30067
30068
30070
30071
30072
30073
30079
30082
30083
30086
30087
30089
30090
30091
30094
30095
30097
30098
30100
30102
30103
30105
30106
30109
30111
30112
30113
30114
30115
30116
30117
30123
30124
30126
30127
30128
30129
30130
30131
30132
30133
30136
30137
30140
30141
30142
30146
30147
30148
30149
30151
30152
30153
30154
30157
30162
30164
30165
30166
30168
30169
30171
30174
30176
30178
30179
30180
30182
30183
30184
30185
30186
30187
30192
30193
30194
30195
30196
30201
30202
30204
30206
30207
30208
30209
30211
30213
30217
30218
30219
30220
30221
30224
30227
30229
30231
30232
30233
30235
30239
30240
30241
30242
30244
30245
30246
30247
30249
30250
30251
30253
30256
30259
30260
30261
30264
30266
30267
30268
30270
30271
30272
30274
30275
30278
30279
30280
30284
30285
30290
30292
30294
30296
30300
30302
30303
30305
30306
30307
30309
30311
30312
30313
30314
30315
30316
30318
30319
30320
30321
30322
30326
30328
30330
30331
30332
30333
30334
30336
30338
30339
30340
30342
30343
30344
30347
30350
30352
30353
30355
30358
30361
30362
30372
30382
30384
30385
30386
30388
30391
30392
30393
30394
30399
30402
30403
30405
30406
30408
30410
30413
30414
30415
30416
30417
30418
30420
30422
30423
30424
30427
30428
30430
30431
30433
30435
30436
30437
30439
30442
30446
30447
30449
30450
30452
30456
30457
30459
30460
30462
30465
30468
30471
30472
30473
30475
30476
30477
30489
30490
30491
30494
30495
30496
30498
30500
30501
30502
30504
30505
30509
30511
30517
30518
30519
30520
30522
30524
30526
30528
30529
30531
30535
30543
30544
30545
30554
30555
30556
30558
30561
30562
30563
30565
30566
30568
30570
30571
30572
30585
30589
30590
30591
30592
30596
30597
30599
30603
30604
30605
30606
30609
30610
30622
30623
30624
30626
30629
30631
30633
30634
30636
30637
30640
30643
30645
30646
30649
30651
30652
30653
30655
30663
30669
30675
30679
30682
30683
30684
30690
30691
30693
30695
30697
30699
30700
30701
30702
30703
30707
30710
30712
30716
30717
30718
30719
30720
30721
30722
30729
30732
30733
30737
30738
30740
30741
30742
30743
30744
30746
30748
30749
30751
30752
30755
30757
30758
30759
30761
30764
30765
30768
30770
30772
30775
30776
30777
30778
30779
30780
30782
30783
30784
30787
30789
30791
30796
30798
30800
30802
30805
30806
30807
30813
30826
30827
30828
30829
30830
30831
30834
30836
30839
30844
30847
30849
30854
30855
30857
30860
30861
30862
30865
30867
30869
30871
30872
30874
30875
30876
30879
30881
30883
30885
30887
30889
30890
30895
30896
30897
30898
30899
30900
30901
30905
30906
30908
30910
30913
30917
30918
30921
30922
30923
30928
30929
30932
30933
30937
30938
30951
30952
30956
30959
30962
30964
30967
30970
30973
30977
30981
30983
30990
30993
30994
30995
31001
31006
31012
31014
31018
31019
31020
31028
31034
31035
31036
31038
31040
31041
31046
31047
31048
31049
31056
31059
31061
31062
31063
31066
31067
31068
31069
31070
31071
31072
31074
31077
31079
31080
31085
31087
31095
31096
31098
31103
31104
31105
31108
31109
31114
31117
31118
31119
31130
31133
31142
31143
31146
31150
31152
31153
31155
31161
31162
31163
31165
31166
31167
31168
31169
31171
31174
31176
31177
31179
31181
31185
31186
31189
31192
31199
31201
31203
31204
31206
31207
31209
31211
31212
31213
31215
31216
31224
31227
31229
31232
31234
31235
31237
31238
31240
31243
31245
31246
31252
31255
31256
31257
31258
31260
31262
31263
31264
31267
31278
31281
31282
31283
31287
31289
31291
31292
31293
31294
31295
31296
31298
31299
31302
31305
31307
31308
31309
31310
31311
31312
31313
31319
31328
31329
31330
31331
31337
31339
31344
31348
31350
31351
31352
31353
31354
31357
31359
31360
31361
31363
31364
31366
31368
31373
31377
31378
31379
31381
31382
31383
31384
31388
31389
31391
31392
31397
31398
31400
31401
31402
31404
31405
31406
31407
31408
31411
31414
31418
31423
31427
31428
31429
31431
31432
31434
31435
31437
31439
31442
31443
31445
31446
31449
31450
31452
31453
31454
31455
31456
31457
31458
31459
31461
31462
31466
31469
31471
31472
31478
31480
31481
31482
31485
31487
31490
31491
31492
31494
31496
31498
31499
31503
31505
31508
31509
31512
31513
31515
31518
31520
31524
31525
31526
31528
31530
31531
31532
31534
31537
31539
31541
31542
31544
31545
31546
31548
31550
31557
31558
31559
31560
31561
31563
31564
31565
31567
31568
31569
31570
31572
31574
31576
31578
31579
31581
31584
31586
31589
31591
31596
31598
31600
31601
31602
31604
31605
31607
31609
31610
31611
31614
31616
31620
31621
31622
31623
31627
31629
31631
31632
31634
31636
31637
31639
31640
31641
31642
31644
31645
31647
31648
31649
31650
31654
31655
31656
31657
31658
31659
31660
31661
31665
31668
31672
31680
31681
31684
31686
31687
31689
31691
31692
31695
31697
31699
31705
31706
31707
31709
31712
31713
31716
31717
31718
31721
31722
31725
31726
31729
31731
31734
31735
31740
31742
31744
31751
31755
31756
31757
31759
31761
31762
31763
31764
31766
31767
31774
31775
31777
31779
31782
31783
31786
31787
31799
31800
31805
31806
31807
31808
31809
31811
31820
31821
31823
31824
31828
31830
31832
31839
31840
31843
31844
31845
31852
31854
31858
31859
31860
31861
31867
31868
31869
31870
31873
31874
31875
31881
31883
31885
31888
31889
31890
31893
31895
31896
31899
31900
31901
31902
31903
31905
31906
31908
31909
31911
31912
31914
31915
31917
31918
31921
31922
31923
31925
31929
31932
31933
31934
31936
31937
31938
31941
31943
31944
31946
31948
31949
31950
31954
31957
31958
31959
31960
31961
31964
31965
31966
31967
31968
31970
31975
31976
31983
31984
31986
31988
31990
31992
31994
31995
31998
32000
32002
32004
32005
32006
32007
32009
32010
32011
32013
32016
32020
32021
32023
32024
32025
32026
32027
32028
32032
32033
32034
32039
32043
32044
32046
32047
32048
32049
32050
32051
32053
32057
32058
32060
32063
32064
32066
32067
32068
32069
32070
32075
32076
32078
32079
32080
32085
32086
32091
32094
32097
32098
32099
32102
32104
32110
32112
32113
32114
32115
32117
32118
32119
32121
32125
32129
32137
32143
32145
32147
32153
32154
32155
32156
32158
32159
32160
32162
32163
32166
32171
32172
32173
32174
32175
32176
32177
32178
32180
32181
32184
32186
32187
32189
32190
32191
32199
32202
32203
32207
32209
32210
32213
32216
32217
32218
32220
32221
32222
32224
32225
32227
32228
32232
32233
32236
32239
32242
32244
32249
32251
32257
32260
32261
32264
32265
32266
32267
32272
32273
32274
32283
32285
32286
32287
32289
32290
32291
32294
32299
32302
32303
32305
32306
32308
32309
32311
32313
32314
32315
32317
32318
32319
32321
32323
32325
32326
32327
32328
32330
32331
32333
32338
32340
32341
32342
32345
32346
32349
32350
32353
32358
32359
32361
32362
32363
32365
32368
32371
32377
32379
32380
32381
32383
32386
32387
32392
32393
32396
32398
32399
32400
32402
32403
32404
32406
32411
32412
32415
32416
32417
32418
32419
32420
32421
32422
32423
32424
32425
32426
32427
32428
32429
32431
32432
32433
32434
32435
32437
32438
32439
32440
32441
32442
32445
32446
32447
32448
32449
32450
32451
32452
32453
32454
32455
32456
32457
32458
32459
32460
32461
32462
32463
32464
32465
32466
32467
32468
32469
32471
32472
32473
32474
32475
32476
32477
32478
32479
32480
32481
32482
32483
32485
32486
32487
32488
32489
32490
32491
32493
32494
32495
32496
32497
32498
32499
32500
32501
32502
32503
32504
32506
32507
32508
32509
32510
32511
32512
32513
32514
32515
32516
32517
32518
32519
32520
32521
32523
32524
32525
32526
32527
32529
32530
32531
32532
32533
32534
32535
32536
32537
32538
32539
32540
32541
32543
32544
32545
32546
32547
32548
32549
32550
32551
32552
32553
32554
32555
32556
32557
32558
32559
32560
32561
32562
32563
32564
32565
32566
32568
32570
32573
32578
32580
32581
32584
32588
32589
32590
32592
32593
32596
32597
32599
32600
32602
32607
32608
32609
32610
32615
32616
32617
32618
32619
32622
32624
32625
32626
32628
32629
32631
32632
32633
32638
32641
32642
32643
32645
32646
32647
32648
32650
32651
32652
32654
32660
32666
32669
32670
32671
32673
32675
32676
32679
32680
32681
32686
32687
32688
32690
32694
32696
32697
32700
32701
32703
32705
32709
32710
32714
32716
32718
32722
32724
32725
32728
32735
32736
32737
32741
32742
32745
32747
32750
32752
32753
32755
32761
32763
32764
32768
32769
32771
32772
32773
32774
32779
32780
32781
32784
32785
32786
32788
32789
32790
32791
32792
32793
32796
32800
32801
32802
32805
32806
32807
32808
32809
32810
32817
32819
32821
32822
32823
32824
32827
32829
32831
32834
32835
32838
32842
32843
32844
32845
32850
32852
32854
32856
32858
32862
32863
32865
32866
32872
32873
32874
32879
32880
32881
32882
32883
32884
32886
32887
32889
32893
32894
32895
32896
32899
32900
32901
32902
32903
32905
32907
32908
32915
32918
32920
32922
32923
32924
32925
32927
32928
32929
32930
32932
32933
32937
32938
32939
32940
32941
32942
32943
32945
32946
32948
32951
32954
32956
32957
32958
32959
32960
32961
32962
32963
32964
32966
32972
32973
32974
32982
32983
32985
32986
32987
32988
32989
32990
32993
32996
32997
32999
33000
33001
33002
33003
33004
33005
33007
33008
33009
33010
33011
33012
33014
33016
33018
33020
33021
33026
33029
33030
33031
33032
33033
33034
33037
33038
33039
33040
33041
33042
33043
33044
33046
33048
33050
33051
33054
33059
33060
33065
33067
33068
33071
33072
33073
33074
33075
33078
33080
33081
33086
33094
33096
33098
33099
33100
33102
33104
33105
33107
33108
33109
33113
33114
33119
33120
33125
33126
33127
33129
33131
33133
33134
33136
33137
33139
33140
33144
33145
33146
33147
33148
33149
33150
33151
33152
33154
33155
33160
33162
33167
33169
33171
33173
33176
33178
33179
33180
33181
33184
33187
33188
33190
33192
33193
33194
33200
33203
33205
33208
33210
33211
33213
33214
33215
33216
33217
33218
33219
33222
33224
33225
33226
33228
33229
33231
33233
33235
33240
33241
33242
33247
33248
33250
33251
33253
33255
33256
33258
33260
33261
33267
33268
33274
33275
33276
33278
33280
33281
33282
33284
33285
33286
33287
33288
33289
33290
33292
33293
33294
33296
33298
33300
33302
33303
33304
33307
33308
33310
33311
33313
33314
33315
33320
33321
33322
33323
33324
33325
33326
33327
33328
33329
33331
33332
33333
33334
33335
33336
33337
33339
33342
33344
33348
33351
33353
33355
33359
33368
33369
33370
33373
33375
33378
33380
33382
33384
33386
33387
33390
33391
33392
33393
33394
33395
33396
33398
33399
33400
33401
33402
33405
33406
33407
33410
33412
33416
33418
33419
33421
33422
33423
33425
33426
33431
33432
33433
33436
33437
33439
33441
33443
33444
33445
33446
33448
33449
33450
33451
33452
33453
33454
33455
33456
33457
33459
33460
33463
33464
33465
33467
33469
33470
33473
33476
33477
33479
33480
33482
33483
33484
33485
33486
33487
33489
33490
33491
33492
33493
33495
33496
33497
33499
33500
33502
33503
33504
33505
33507
33508
33509
33510
33511
33515
33519
33521
33523
33524
33527
33529
33530
33531
33537
33538
33539
33540
33541
33542
33543
33544
33545
33548
33550
33551
33553
33556
33557
33558
33559
33560
33562
33563
33564
33571
33575
33576
33579
33580
33581
33583
33585
33586
33587
33588
33589
33590
33592
33593
33594
33596
33600
33603
33605
33606
33607
33609
33610
33615
33616
33617
33618
33620
33624
33626
33627
33628
33630
33631
33632
33633
33635
33636
33637
33638
33639
33640
33641
33642
33643
33644
33645
33646
33647
33651
33653
33655
33656
33659
33660
33661
33669
33670
33671
33673
33674
33678
33682
33683
33686
33688
33690
33691
33692
33694
33695
33696
33698
33703
33704
33705
33706
33707
33712
33713
33714
33715
33716
33717
33718
33719
33720
33721
33722
33724
33725
33728
33729
33733
33735
33738
33740
33742
33743
33747
33748
33750
33752
33756
33757
33759
33760
33761
33765
33769
33770
33771
33775
33776
33777
33778
33780
33783
33784
33785
33787
33789
33793
33795
33796
33798
33799
33802
33803
33804
33805
33806
33807
33809
33811
33816
33820
33821
33824
33826
33828
33829
33830
33831
33832
33833
33834
33836
33841
33845
33848
33852
33853
33862
33865
33870
33873
33879
33881
33882
33883
33884
33889
33890
33891
33894
33897
33899
33900
33901
33902
33903
33905
33907
33909
33910
33911
33912
33913
33914
33922
33924
33927
33928
33929
33931
33932
33934
33936
33940
33943
33945
33948
33950
33951
33953
33965
33967
33970
33972
33976
33977
33978
33979
33980
33981
33983
33984
33985
33988
33990
33993
33994
33995
33997
34000
34001
34003
34006
34009
34010
34013
34015
34016
34019
34021
34022
34028
34030
34032
34036
34044
34047
34048
34054
34060
34065
34067
34068
34069
34071
34072
34074
34079
34081
34083
34085
34086
34091
34092
34093
34101
34103
34104
34105
34106
34107
34108
34109
34112
34113
34115
34120
34121
34122
34123
34126
34133
34134
34135
34136
34137
34138
34142
34147
34148
34152
34153
34154
34157
34162
34164
34167
34169
34170
34171
34174
34176
34180
34181
34183
34184
34186
34191
34192
34193
34196
34199
34201
34203
34204
34212
34214
34216
34217
34218
34219
34220
34222
34223
34224
34231
34233
34234
34241
34249
34253
34255
34256
34259
34261
34268
34269
34276
34277
34281
34282
34295
34297
34298
34299
34302
34303
34306
34309
34310
34311
34314
34315
34321
34323
34326
34327
34330
34338
34343
34345
34349
34351
34352
34360
34364
34367
34381
34382
34383
34384
34385
34388
34389
34394
34395
34396
34398
34399
34402
34407
34411
34412
34414
34417
34425
34426
34427
34428
34429
34430
34431
34432
34433
34434
34442
34443
34444
34445
34451
34453
34460
34461
34467
34468
34471
34472
34473
34474
34475
34476
34479
34480
34481
34484
34485
34486
34490
34496
34500
34502
34503
34505
34506
34507
34509
34510
34511
34512
34513
34516
34520
34521
34523
34526
34527
34532
34537
34540
34541
34542
34543
34544
34545
34546
34547
34548
34552
34553
34555
34558
34560
34562
34563
34566
34567
34568
34569
34570
34573
34577
34578
34579
34581
34583
34584
34586
34588
34590
34593
34594
34595
34597
34601
34606
34609
34612
34615
34619
34622
34623
34631
34632
34633
34635
34636
34638
34643
34645
34647
34649
34655
34656
34659
34660
34661
34662
34664
34666
34670
34672
34676
34678
34680
34683
34684
34685
34686
34687
34690
34691
34693
34696
34699
34701
34707
34711
34718
34719
34722
34728
34731
34732
34733
34735
34739
34741
34746
34747
34749
34752
34756
34758
34759
34760
34762
34763
34768
34769
34770
34771
34779
34784
34789
34794
34796
34798
34799
34802
34806
34807
34809
34811
34814
34819
34821
34826
34829
34830
34831
34833
34835
34836
34837
34838
34843
34847
34849
34850
34851
34855
34865
34866
34870
34873
34875
34876
34880
34882
34884
34885
34886
34892
34893
34898
34899
34900
34903
34905
34907
34909
34910
34913
34914
34915
34916
34917
34920
34921
34923
34924
34926
34928
34930
34933
34935
34937
34941
34942
34943
34945
34946
34948
34949
34952
34955
34957
34962
34966
34967
34969
34972
34974
34978
34980
34987
34989
34990
34992
34993
34996
34997
34999
35004
35007
35009
35010
35011
35012
35013
35014
35017
35018
35022
35023
35026
35028
35029
35032
35033
35036
35037
35039
35041
35042
35043
35044
35045
35048
35055
35056
35057
35058
35059
35060
35064
35065
35068
35069
35070
35074
35076
35079
35082
35084
35088
35090
35091
35093
35097
35098
35099
35101
35102
35105
35109
35114
35115
35120
35122
35124
35126
35128
35131
35133
35137
35139
35140
35148
35149
35158
35166
35167
35168
35172
35174
35178
35180
35181
35183
35186
35188
35191
35195
35198
35199
35201
35203
35206
35207
35208
35210
35211
35215
35219
35222
35223
35224
35226
35228
35233
35238
35239
35241
35242
35244
35247
35250
35251
35258
35261
35263
35264
35265
35266
35268
35269
35270
35271
35272
35273
35274
35275
35276
35278
35279
35280
35281
35282
35284
35286
35290
35292
35293
35294
35299
35301
35302
35303
35307
35311
35315
35316
35320
35324
35328
35330
35331
35335
35336
35338
35340
35342
35343
35344
35345
35347
35349
35350
35351
35352
35355
35357
35359
35362
35363
35365
35370
35373
35377
35379
35380
35382
35386
35387
35388
35390
35393
35398
35400
35408
35409
35410
35412
35413
35414
35419
35422
35424
35426
35427
35430
35432
35433
35435
35436
35437
35438
35440
35441
35442
35443
35449
35451
35452
35458
35460
35461
35463
35465
35466
35468
35469
35473
35475
35477
35480
35482
35486
35488
35489
35491
35492
35493
35494
35495
35496
35498
35500
35501
35504
35506
35510
35513
35516
35519
35522
35524
35527
35529
35531
35532
35533
35535
35538
35542
35546
35547
35548
35550
35552
35553
35554
35556
35558
35559
35563
35565
35566
35569
35571
35574
35575
35576
35578
35580
35582
35584
35585
35586
35588
35591
35594
35596
35598
35600
35604
35606
35607
35609
35610
35611
35613
35616
35617
35622
35624
35627
35628
35635
35641
35646
35649
35654
35657
35660
35662
35663
35670
35672
35673
35674
35675
35676
35679
35686
35691
35692
35695
35696
35697
35698
35700
35703
35709
35712
35715
35722
35724
35726
35728
35730
35731
35734
35737
35738
35740
35744
35745
35746
35747
35748
35749
35750
35751
35752
35753
35754
35755
35757
35758
35759
35760
35762
35763
35764
35765
35766
35767
35768
35769
35770
35772
35773
35774
35775
35776
35777
35778
35779
35780
35781
35782
35784
35785
35786
35787
35788
35789
35790
35791
35793
35794
35795
35796
35797
35798
35799
35800
35801
35802
35803
35804
35805
35806
35807
35808
35809
35810
35811
35812
35813
35814
35815
35816
35817
35819
35820
35821
35822
35823
35824
35825
35826
35827
35828
35829
35830
35831
35832
35833
35834
35835
35836
35837
35838
35839
35840
35841
35842
35843
35844
35845
35846
35847
35848
35850
35851
35852
35853
35854
35855
35856
35857
35858
35859
35860
35861
35862
35863
35864
35865
35866
35867
35868
35869
35871
35872
35873
35874
35875
35876
35877
35878
35879
35880
35881
35882
35883
35884
35885
35886
35887
35888
35889
35890
35891
35892
35893
35894
35895
35898
35903
35905
35910
35911
35912
35913
35914
35916
35918
35920
35924
35925
35930
35937
35938
35946
35947
35948
35949
35955
35960
35961
35962
35964
35970
35973
35977
35978
35980
35981
35982
35987
35988
35992
35997
35998
36000
36001
36002
36007
36008
36009
36010
36011
36012
36013
36014
36015
36016
36018
36019
36020
36022
36023
36024
36027
36028
36029
36031
36032
36033
36034
36035
36036
36037
36039
36040
36042
36045
36046
36049
36050
36051
36058
36059
36060
36062
36064
36065
36066
36067
36068
36070
36074
36076
36077
36084
36088
36090
36091
36092
36093
36100
36101
36103
36104
36106
36107
36109
36111
36112
36115
36116
36118
36119
36123
36125
36126
36127
36129
36130
36131
36132
36133
36134
36135
36136
36137
36138
36139
36140
36141
36142
36143
36144
36145
36146
36147
36148
36149
36150
36151
36152
36153
36154
36155
36156
36157
36158
36159
36160
36161
36162
36163
36164
36165
36166
36167
36168
36169
36170
36171
36172
36173
36174
36175
36176
36179
36180
36181
36182
36184
36185
36186
36187
36188
36189
36190
36192
36193
36194
36195
36196
36198
36199
36203
36205
36208
36209
36211
36212
36213
36214
36215
36225
36228
36229
36234
36235
36241
36244
36245
36249
36255
36259
36264
36273
36275
36276
36277
36280
36282
36284
36286
36287
36290
36291
36292
36294
36299
36300
36302
36303
36305
36310
36311
36314
36315
36317
36318
36319
36321
36323
36324
36326
36328
36330
36331
36332
36335
36339
36341
36343
36344
36345
36346
36347
36348
36349
36351
36357
36360
36361
36362
36364
36367
36368
36372
36381
36382
36383
36385
36386
36387
36393
36394
36395
36396
36398
36399
36400
36401
36404
36405
36409
36410
36413
36416
36417
36418
36420
36423
36424
36425
36426
36427
36428
36432
36433
36434
36437
36441
36447
36448
36451
36452
36454
36457
36460
36461
36463
36464
36466
36468
36470
36474
36476
36479
36481
36482
36484
36485
36487
36489
36490
36491
36493
36495
36496
36497
36499
36500
36505
36508
36510
36513
36522
36523
36524
36527
36528
36529
36530
36538
36542
36544
36549
36550
36552
36554
36555
36556
36557
36558
36559
36562
36564
36571
36575
36578
36579
36587
36600
36603
36604
36605
36606
36611
36613
36617
36618
36620
36626
36627
36628
36629
36633
36635
36636
36637
36638
36639
36645
36646
36649
36650
36655
36659
36664
36665
36667
36670
36671
36674
36676
36677
36678
36681
36684
36685
36686
36692
36695
36700
36703
36705
36706
36707
36708
36710
36711
36712
36713
36715
36716
36717
36718
36719
36720
36721
36722
36723
36724
36725
36726
36727
36728
36729
36730
36731
36732
36733
36734
36735
36737
36738
36739
36740
36741
36742
36743
36744
36745
36746
36747
36749
36750
36751
36752
36753
36755
36756
36757
36758
36759
36760
36761
36762
36763
36764
36766
36767
36771
36774
36775
36776
36777
36779
36781
36782
36783
36784
36785
36786
36790
36791
36793
36794
36795
36796
36797
36798
36799
36801
36802
36804
36805
36806
36807
36808
36814
36816
36817
36819
36820
36821
36824
36825
36826
36827
36828
36829
36830
36831
36834
36836
36837
36838
36840
36841
36842
36843
36845
36846
36847
36848
36851
36852
36855
36856
36857
36858
36861
36864
36865
36866
36867
36868
36869
36870
36873
36874
36875
36877
36878
36879
36880
36881
36882
36883
36884
36885
36886
36887
36889
36890
36891
36893
36894
36895
36896
36897
36898
36899
36902
36903
36909
36910
36911
36913
36914
36917
36918
36920
36921
36923
36924
36926
36929
36930
36932
36933
36935
36937
36938
36939
36941
36942
36943
36944
36945
36946
36947
36948
36949
36950
36951
36952
36953
36955
36956
36957
36958
36960
36961
36962
36963
36965
36968
36969
36973
36974
36975
36978
36980
36981
36982
36983
36984
36986
36988
36989
36991
36992
36993
36994
36995
36996
36999
37000
37001
37002
37003
37007
37008
37009
37011
37013
37015
37017
37019
37021
37025
37026
37027
37030
37032
37034
37036
37038
37039
37040
37041
37043
37044
37045
37046
37048
37049
37050
37051
37054
37057
37059
37060
37061
37063
37066
37070
37071
37072
37073
37075
37079
37083
37084
37085
37089
37090
37092
37094
37095
37096
37099
37101
37103
37108
37109
37111
37112
37117
37118
37122
37124
37129
37138
37143
37144
37145
37150
37154
37155
37159
37165
37167
37168
37169
37170
37172
37177
37187
37190
37192
37193
37194
37195
37196
37197
37198
37199
37200
37202
37204
37206
37207
37208
37210
37213
37214
37217
37218
37219
37220
37221
37225
37226
37228
37230
37231
37232
37233
37234
37235
37236
37237
37238
37239
37240
37241
37245
37246
37247
37250
37251
37253
37255
37257
37259
37260
37261
37264
37265
37266
37271
37274
37275
37276
37278
37282
37283
37284
37290
37291
37292
37293
37294
37295
37297
37300
37301
37304
37306
37312
37313
37317
37318
37319
37320
37321
37322
37323
37324
37325
37326
37327
37328
37329
37334
37335
37336
37337
37339
37340
37341
37343
37345
37347
37350
37351
37353
37357
37365
37366
37372
37375
37383
37385
37389
37390
37392
37393
37396
37397
37406
37411
37417
37420
37428
37431
37432
37433
37437
37438
37439
37440
37444
37445
37448
37449
37451
37453
37456
37457
37463
37466
37467
37470
37474
37476
37478
37489
37492
37496
37499
37500
37502
37504
37507
37509
37518
37521
37523
37525
37526
37528
37530
37531
37532
37544
37548
37549
37550
37554
37555
37559
37561
37563
37564
37569
37573
37575
37576
37583
37586
37604
37609
37610
37613
37616
37618
37619
37624
37626
37628
37636
37638
37647
37648
37653
37656
37657
37658
37664
37665
37666
37667
37670
37672
37675
37676
37678
37679
37682
37683
37685
37686
37690
37691
37694
37700
37706
37707
37709
37716
37718
37722
37723
37724
37728
37733
37738
37740
37742
37744
37749
37756
37758
37762
37770
37772
37775
37780
37782
37783
37784
37786
37794
37799
37804
37805
37806
37808
37811
37817
37827
37832
37834
37837
37840
37841
37846
37847
37848
37852
37853
37855
37857
37858
37860
37861
37864
37885
37891
37895
37904
37907
37908
37912
37913
37914
37921
37931
37934
37938
37939
37941
37942
37944
37946
37950
37953
37956
37969
37970
37971
37978
37979
37982
37984
37986
37987
37988
37994
37995
38000
38002
38005
38007
38012
38013
38014
38015
38017
38021
38022
38023
38024
38025
38026
38027
38028
38029
38030
38031
38032
38034
38035
38036
38037
38039
38041
38042
38043
38044
38045
38046
38047
38048
38049
38050
38051
38052
38053
38054
38055
38056
38057
38058
38059
38060
38061
38062
38063
38064
38065
38066
38067
38068
38069
38070
38071
38072
38073
38074
38075
38076
38077
38078
38079
38080
38081
38082
38083
38084
38085
38086
38088
38089
38090
38091
38092
38093
38094
38096
38097
38098
38101
38102
38103
38104
38105
38107
38108
38109
38110
38111
38112
38113
38114
38115
38116
38117
38119
38120
38121
38122
38123
38124
38125
38126
38127
38128
38129
38130
38131
38132
38133
38134
38135
38136
38137
38138
38140
38141
38142
38143
38144
38145
38146
38147
38148
38149
38150
38151
38152
38153
38154
38155
38156
38157
38158
38159
38160
38161
38162
38163
38164
38165
38166
38167
38168
38169
38170
38171
38173
38174
38175
38177
38178
38179
38180
38181
38182
38184
38185
38186
38187
38188
38189
38190
38191
38192
38193
38194
38196
38197
38198
38199
38200
38201
38202
38203
38204
38206
38207
38208
38209
38210
38212
38213
38214
38215
38217
38218
38220
38221
38222
38223
38224
38225
38226
38227
38228
38230
38231
38232
38233
38235
38236
38237
38238
38239
38241
38242
38243
38244
38245
38246
38247
38248
38249
38250
38251
38252
38253
38255
38256
38257
38258
38259
38262
38263
38271
38272
38274
38275
38279
38281
38282
38283
38286
38287
38289
38290
38291
38292
38294
38296
38297
38304
38305
38306
38307
38308
38309
38311
38312
38313
38317
38321
38322
38329
38331
38332
38334
38339
38342
38343
38344
38346
38347
38348
38349
38352
38356
38357
38358
38360
38364
38369
38370
38373
38376
38377
38378
38379
38381
38382
38383
38384
38385
38386
38387
38388
38389
38390
38391
38392
38393
38394
38395
38396
38397
38398
38400
38401
38402
38403
38404
38405
38406
38408
38409
38410
38411
38412
38413
38414
38415
38416
38417
38418
38420
38421
38422
38423
38425
38426
38428
38429
38431
38433
38434
38440
38442
38444
38446
38447
38449
38450
38451
38452
38453
38454
38459
38460
38461
38463
38464
38466
38468
38469
38470
38471
38472
38473
38475
38476
38477
38479
38480
38484
38485
38488
38491
38492
38493
38494
38495
38497
38498
38499
38500
38501
38502
38503
38504
38505
38506
38508
38512
38514
38515
38516
38517
38518
38519
38520
38522
38525
38532
38533
38534
38536
38538
38539
38541
38542
38543
38544
38548
38549
38551
38552
38553
38555
38556
38560
38563
38567
38568
38570
38576
38577
38578
38579
38580
38582
38583
38584
38585
38587
38588
38589
38590
38592
38593
38596
38597
38598
38599
38601
38602
38603
38604
38605
38606
38607
38609
38610
38613
38614
38617
38619
38620
38622
38624
38626
38627
38632
38633
38634
38635
38639
38640
38642
38643
38646
38647
38649
38651
38654
38656
38657
38660
38662
38663
38664
38665
38666
38669
38670
38671
38673
38675
38678
38681
38684
38686
38692
38695
38698
38701
38704
38706
38712
38713
38717
38718
38722
38724
38726
38728
38729
38738
38739
38742
38745
38747
38748
38750
38752
38753
38754
38756
38757
38758
38760
38761
38763
38765
38769
38771
38772
38774
38777
38778
38780
38785
38788
38789
38790
38795
38797
38799
38800
38801
38802
38804
38808
38812
38816
38819
38822
38824
38827
38829
38831
38834
38835
38836
38849
38851
38854
38856
38857
38859
38860
38867
38876
38886
38887
38889
38890
38891
38892
38893
38894
38898
38899
38901
38902
38905
38907
38911
38913
38914
38915
38917
38918
38920
38922
38924
38927
38928
38929
38930
38931
38935
38936
38938
38940
38945
38948
38955
38956
38957
38960
38964
38967
38968
38969
38971
38972
38973
38982
38987
38988
38989
38990
38991
38995
38996
38997
39000
39003
39006
39013
39015
39019
39023
39024
39025
39027
39028
39029
39030
39031
39032
39033
39034
39035
39036
39037
39038
39039
39040
39041
39042
39043
39044
39045
39046
39047
39048
39049
39050
39052
39053
39055
39056
39057
39059
39060
39062
39063
39064
39066
39067
39068
39069
39070
39071
39072
39073
39074
39076
39077
39078
39079
39080
39082
39087
39089
39091
39094
39098
39100
39107
39108
39110
39118
39121
39122
39123
39125
39128
39129
39130
39131
39132
39134
39135
39138
39143
39144
39145
39146
39147
39149
39150
39151
39154
39156
39164
39165
39166
39171
39173
39177
39178
39180
39181
39184
39186
39187
39188
39192
39194
39195
39197
39198
39200
39201
39204
39208
39212
39214
39221
39229
39230
39231
39234
39237
39241
39243
39244
39248
39249
39250
39252
39253
39255
39260
39262
39267
39269
39271
39272
39273
39274
39275
39276
39277
39278
39279
39280
39281
39282
39284
39285
39286
39287
39290
39292
39293
39295
39296
39297
39300
39301
39302
39303
39304
39306
39307
39309
39311
39312
39313
39314
39315
39316
39317
39318
39319
39320
39321
39333
39336
39340
39341
39342
39345
39347
39348
39356
39361
39364
39365
39366
39368
39376
39377
39378
39381
39384
39385
39387
39389
39391
39394
39405
39406
39409
39410
39416
39419
39423
39425
39429
39438
39439
39442
39443
39446
39449
39464
39467
39472
39477
39479
39486
39488
39490
39491
39493
39501
39509
39511
39514
39515
39519
39522
39524
39525
39529
39530
39531
39532
39533
39534
39535
39536
39537
39539
39540
39541
39542
39543
39544
39545
39546
39547
39548
39549
39550
39551
39552
39553
39554
39556
39557
39558
39559
39560
39562
39563
39564
39567
39568
39569
39570
39571
39574
39575
39576
39578
39579
39580
39581
39582
39583
39584
39585
39586
39587
39588
39589
39591
39592
39597
39599
39600
39601
39606
39607
39608
39610
39612
39616
39617
39618
39620
39621
39627
39628
39631
39633
39634
39635
39636
39638
39640
39646
39647
39649
39650
39651
39654
39658
39659
39661
39662
39663
39665
39668
39671
39673
39675
39683
39686
39688
39693
39695
39699
39704
39706
39711
39714
39715
39717
39719
39720
39721
39722
39726
39727
39729
39730
39739
39740
39745
39746
39747
39748
39749
39751
39752
39753
39757
39758
39759
39761
39764
39768
39770
39791
39796
39799
39811
39822
39825
39826
39827
39830
39831
39839
39840
39848
39850
39851
39853
39854
39860
39865
39872
39878
39880
39881
39882
39887
39889
39890
39892
39894
39899
39905
39906
39907
39908
39911
39912
39920
39921
39922
39925
39933
39940
39942
39944
39945
39946
39948
39949
39952
39954
39955
39956
39957
39963
39969
39972
39973
39981
39982
39983
39984
39985
39986
39993
39994
39995
39998
40006
40007
40008
40009
40018
40020
40022
40023
40026
40031
40032
40039
40054
40055
40056
40060
40063
40065
40066
40069
40070
40071
40072
40075
40077
40078
40080
40081
40082
40084
40085
40090
40091
40092
40094
40095
40096
40097
40098
40099
40100
40101
40102
40103
40104
40105
40107
40109
40110
40112
40113
40114
40115
40116
40117
40118
40119
40120
40122
40123
40124
40125
40131
40132
40133
40134
40135
40138
40139
40140
40141
40142
40143
40144
40147
40148
40149
40150
40151
40152
40153
40156
40157
40158
40159
40162
40165
40167
40169
40171
40172
40176
40179
40180
40182
40195
40198
40199
40200
40201
40206
40210
40213
40219
40223
40227
40230
40232
40234
40235
40236
40251
40254
40255
40257
40260
40262
40264
40272
40273
40281
40284
40285
40286
40288
40289
40292
40298
40300
40303
40306
40314
40327
40329
40335
40346
40356
40361
40363
40367
40370
40372
40376
40378
40379
40385
40386
40388
40390
40399
40403
40407
40409
40421
40422
40429
40431
40434
40440
40441
40442
40445
40474
40475
40478
40479
40480
40481
40482
40483
40485
40486
40488
40489
40490
40491
40492
40493
40495
40497
40498
40499
40501
40502
40503
40504
40505
40506
40509
40510
40511
40513
40514
40515
40516
40517
40518
40519
40520
40521
40522
40523
40524
40526
40527
40529
40533
40535
40536
40538
40539
40540
40542
40547
40548
40550
40551
40552
40553
40554
40555
40556
40557
40560
40561
40563
40565
40568
40569
40572
40573
40574
40575
40577
40578
40583
40584
40587
40588
40593
40594
40595
40597
40599
40605
40607
40613
40614
40617
40618
40621
40628
40629
40632
40633
40634
40635
40636
40637
40638
40639
40643
40644
40649
40652
40653
40654
40655
40656
40657
40658
40660
40664
40665
40667
40668
40669
40670
40671
40672
40674
40677
40679
40680
40681
40682
40687
40692
40694
40695
40697
40699
40700
40701
40702
40711
40712
40715
40717
40718
40720
40723
40725
40727
40729
40736
40737
40738
40748
40751
40756
40759
40761
40763
40765
40766
40772
40778
40779
40782
40783
40784
40785
40786
40788
40796
40799
40800
40801
40802
40803
40806
40807
40810
40812
40818
40822
40823
40831
40832
40835
40836
40837
40838
40839
40840
40841
40842
40843
40844
40845
40848
40852
40853
40857
40858
40859
40860
40861
40863
40864
44032
44033
44036
44039
44040
44041
44042
44048
44049
44050
44051
44052
44053
44054
44055
44057
44058
44059
44060
44061
44064
44068
44076
44077
44079
44080
44081
44088
44089
44092
44096
44107
44109
44116
44120
44124
44144
44145
44148
44151
44152
44154
44160
44161
44163
44164
44165
44166
44169
44170
44171
44172
44176
44180
44188
44189
44191
44192
44193
44200
44201
44202
44204
44207
44208
44216
44217
44219
44220
44221
44225
44228
44232
44236
44245
44247
44256
44257
44260
44263
44264
44266
44268
44271
44272
44273
44275
44277
44278
44284
44285
44288
44292
44294
44300
44301
44303
44305
44312
44316
44320
44329
44332
44333
44340
44341
44344
44348
44356
44357
44359
44361
44368
44372
44376
44385
44387
44396
44397
44400
44403
44404
44405
44406
44411
44412
44413
44415
44417
44418
44424
44425
44428
44432
44444
44445
44452
44471
44480
44481
44484
44488
44496
44497
44499
44508
44512
44516
44536
44537
44540
44543
44544
44545
44552
44553
44555
44557
44564
44592
44593
44596
44599
44600
44602
44608
44609
44611
44613
44614
44618
44620
44621
44622
44624
44628
44630
44636
44637
44639
44640
44641
44645
44648
44649
44652
44656
44664
44665
44667
44668
44669
44676
44677
44684
44732
44733
44734
44736
44740
44748
44749
44751
44752
44753
44760
44761
44764
44776
44779
44781
44788
44792
44796
44807
44808
44813
44816
44844
44845
44848
44850
44852
44860
44861
44863
44865
44866
44867
44872
44873
44880
44892
44893
44900
44901
44921
44928
44932
44936
44944
44945
44949
44956
44984
44985
44988
44992
44999
45000
45001
45003
45005
45006
45012
45020
45032
45033
45040
45041
45044
45048
45056
45057
45060
45068
45072
45076
45084
45085
45096
45124
45125
45128
45130
45132
45134
45139
45140
45141
45143
45145
45149
45180
45181
45184
45188
45196
45197
45199
45201
45208
45209
45210
45212
45215
45216
45217
45218
45224
45225
45227
45228
45229
45230
45231
45233
45235
45236
45237
45240
45244
45252
45253
45255
45256
45257
45264
45265
45268
45272
45280
45285
45320
45321
45323
45324
45328
45330
45331
45336
45337
45339
45340
45341
45347
45348
45349
45352
45356
45364
45365
45367
45368
45369
45376
45377
45380
45384
45392
45393
45396
45397
45400
45404
45408
45432
45433
45436
45440
45442
45448
45449
45451
45453
45458
45459
45460
45464
45468
45480
45516
45520
45524
45532
45533
45535
45544
45545
45548
45552
45561
45563
45565
45572
45573
45576
45579
45580
45588
45589
45591
45593
45600
45620
45628
45656
45660
45664
45672
45673
45684
45685
45692
45700
45701
45705
45712
45713
45716
45720
45721
45722
45728
45729
45731
45733
45734
45738
45740
45744
45748
45768
45769
45772
45776
45778
45784
45785
45787
45789
45794
45796
45797
45798
45800
45803
45804
45805
45806
45807
45811
45812
45813
45815
45816
45817
45818
45819
45823
45824
45825
45828
45832
45840
45841
45843
45844
45845
45852
45908
45909
45910
45912
45915
45916
45918
45919
45924
45925
45927
45929
45931
45934
45936
45937
45940
45944
45952
45953
45955
45956
45957
45964
45968
45972
45984
45985
45992
45996
46020
46021
46024
46027
46028
46030
46032
46036
46037
46039
46041
46043
46045
46048
46052
46056
46076
46096
46104
46108
46112
46120
46121
46123
46132
46160
46161
46164
46168
46176
46177
46179
46181
46188
46208
46216
46237
46244
46248
46252
46261
46263
46265
46272
46276
46280
46288
46293
46300
46301
46304
46307
46308
46310
46316
46317
46319
46321
46328
46356
46357
46360
46363
46364
46372
46373
46375
46376
46377
46378
46384
46385
46388
46392
46400
46401
46403
46404
46405
46411
46412
46413
46416
46420
46428
46429
46431
46432
46433
46496
46497
46500
46504
46506
46507
46512
46513
46515
46516
46517
46523
46524
46525
46528
46532
46540
46541
46543
46544
46545
46552
46572
46608
46609
46612
46616
46629
46636
46644
46664
46692
46696
46748
46749
46752
46756
46763
46764
46769
46804
46832
46836
46840
46848
46849
46853
46888
46889
46892
46895
46896
46904
46905
46907
46916
46920
46924
46932
46933
46944
46948
46952
46960
46961
46963
46965
46972
46973
46976
46980
46988
46989
46991
46992
46993
46994
46998
46999
47000
47001
47004
47008
47016
47017
47019
47020
47021
47028
47029
47032
47047
47049
47084
47085
47088
47092
47100
47101
47103
47104
47105
47111
47112
47113
47116
47120
47128
47129
47131
47133
47140
47141
47144
47148
47156
47157
47159
47160
47161
47168
47172
47185
47187
47196
47197
47200
47204
47212
47213
47215
47217
47224
47228
47245
47272
47280
47284
47288
47296
47297
47299
47301
47308
47312
47316
47325
47327
47329
47336
47337
47340
47344
47352
47353
47355
47357
47364
47384
47392
47420
47421
47424
47428
47436
47439
47441
47448
47449
47452
47456
47464
47465
47467
47469
47476
47477
47480
47484
47492
47493
47495
47497
47498
47501
47502
47532
47533
47536
47540
47548
47549
47551
47553
47560
47561
47564
47566
47567
47568
47569
47570
47576
47577
47579
47581
47582
47585
47587
47588
47589
47592
47596
47604
47605
47607
47608
47609
47610
47616
47617
47624
47637
47672
47673
47676
47680
47682
47688
47689
47691
47693
47694
47699
47700
47701
47704
47708
47716
47717
47719
47720
47721
47728
47729
47732
47736
47747
47748
47749
47751
47756
47784
47785
47787
47788
47792
47794
47800
47801
47803
47805
47812
47816
47832
47833
47868
47872
47876
47885
47887
47889
47896
47900
47904
47913
47915
47924
47925
47926
47928
47931
47932
47933
47934
47940
47941
47943
47945
47949
47951
47952
47956
47960
47969
47971
47980
48008
48012
48016
48036
48040
48044
48052
48055
48064
48068
48072
48080
48083
48120
48121
48124
48127
48128
48130
48136
48137
48139
48140
48141
48143
48145
48148
48149
48150
48151
48152
48155
48156
48157
48158
48159
48164
48165
48167
48169
48173
48176
48177
48180
48184
48192
48193
48195
48196
48197
48201
48204
48205
48208
48221
48260
48261
48264
48267
48268
48270
48276
48277
48279
48281
48282
48288
48289
48292
48295
48296
48304
48305
48307
48308
48309
48316
48317
48320
48324
48333
48335
48336
48337
48341
48344
48348
48372
48373
48374
48376
48380
48388
48389
48391
48393
48400
48404
48420
48428
48448
48456
48457
48460
48464
48472
48473
48484
48488
48512
48513
48516
48519
48520
48521
48522
48528
48529
48531
48533
48537
48538
48540
48548
48560
48568
48596
48597
48600
48604
48617
48624
48628
48632
48640
48643
48645
48652
48653
48656
48660
48668
48669
48671
48708
48709
48712
48716
48718
48724
48725
48727
48729
48730
48731
48736
48737
48740
48744
48746
48752
48753
48755
48756
48757
48763
48764
48765
48768
48772
48780
48781
48783
48784
48785
48792
48793
48808
48848
48849
48852
48855
48856
48864
48867
48868
48869
48876
48897
48904
48905
48920
48921
48923
48924
48925
48960
48961
48964
48968
48976
48977
48981
49044
49072
49093
49100
49101
49104
49108
49116
49119
49121
49212
49233
49240
49244
49248
49256
49257
49296
49297
49300
49304
49312
49313
49315
49317
49324
49325
49327
49328
49331
49332
49333
49334
49340
49341
49343
49344
49345
49349
49352
49353
49356
49360
49368
49369
49371
49372
49373
49380
49381
49384
49388
49396
49397
49399
49401
49408
49412
49416
49424
49429
49436
49437
49438
49439
49440
49443
49444
49446
49447
49452
49453
49455
49456
49457
49462
49464
49465
49468
49472
49480
49481
49483
49484
49485
49492
49493
49496
49500
49508
49509
49511
49512
49513
49520
49524
49528
49541
49548
49549
49550
49552
49556
49558
49564
49565
49567
49569
49573
49576
49577
49580
49584
49597
49604
49608
49612
49620
49623
49624
49632
49636
49640
49648
49649
49651
49660
49661
49664
49668
49676
49677
49679
49681
49688
49689
49692
49695
49696
49704
49705
49707
49709
49711
49713
49714
49716
49736
49744
49745
49748
49752
49760
49765
49772
49773
49776
49780
49788
49789
49791
49793
49800
49801
49808
49816
49819
49821
49828
49829
49832
49836
49837
49844
49845
49847
49849
49884
49885
49888
49891
49892
49899
49900
49901
49903
49905
49910
49912
49913
49915
49916
49920
49928
49929
49932
49933
49939
49940
49941
49944
49948
49956
49957
49960
49961
49989
50024
50025
50028
50032
50034
50040
50041
50044
50045
50052
50056
50060
50112
50136
50137
50140
50143
50144
50146
50152
50153
50157
50164
50165
50168
50184
50192
50212
50220
50224
50228
50236
50237
50248
50276
50277
50280
50284
50292
50293
50297
50304
50324
50332
50360
50364
50409
50416
50417
50420
50424
50426
50431
50432
50433
50444
50448
50452
50460
50472
50473
50476
50480
50488
50489
50491
50493
50500
50501
50504
50505
50506
50508
50509
50510
50515
50516
50517
50519
50520
50521
50525
50526
50528
50529
50532
50536
50544
50545
50547
50548
50549
50556
50557
50560
50564
50567
50572
50573
50575
50577
50581
50583
50584
50588
50592
50601
50612
50613
50616
50617
50619
50620
50621
50622
50628
50629
50630
50631
50632
50633
50634
50636
50638
50640
50641
50644
50648
50656
50657
50659
50661
50668
50669
50670
50672
50676
50678
50679
50684
50685
50686
50687
50688
50689
50693
50694
50695
50696
50700
50704
50712
50713
50715
50716
50724
50725
50728
50732
50733
50734
50736
50739
50740
50741
50743
50745
50747
50752
50753
50756
50760
50768
50769
50771
50772
50773
50780
50781
50784
50796
50799
50801
50808
50809
50812
50816
50824
50825
50827
50829
50836
50837
50840
50844
50852
50853
50855
50857
50864
50865
50868
50872
50873
50874
50880
50881
50883
50885
50892
50893
50896
50900
50908
50909
50912
50913
50920
50921
50924
50928
50936
50937
50941
50948
50949
50952
50956
50964
50965
50967
50969
50976
50977
50980
50984
50992
50993
50995
50997
50999
51004
51005
51008
51012
51018
51020
51021
51023
51025
51026
51027
51028
51029
51030
51031
51032
51036
51040
51048
51051
51060
51061
51064
51068
51069
51070
51075
51076
51077
51079
51080
51081
51082
51086
51088
51089
51092
51094
51095
51096
51098
51104
51105
51107
51108
51109
51110
51116
51117
51120
51124
51132
51133
51135
51136
51137
51144
51145
51148
51150
51152
51160
51165
51172
51176
51180
51200
51201
51204
51208
51210
51216
51217
51219
51221
51222
51228
51229
51232
51236
51244
51245
51247
51249
51256
51260
51264
51272
51273
51276
51277
51284
51312
51313
51316
51320
51322
51328
51329
51331
51333
51334
51335
51339
51340
51341
51348
51357
51359
51361
51368
51388
51389
51396
51400
51404
51412
51413
51415
51417
51424
51425
51428
51445
51452
51453
51456
51460
51461
51462
51468
51469
51471
51473
51480
51500
51508
51536
51537
51540
51544
51552
51553
51555
51564
51568
51572
51580
51592
51593
51596
51600
51608
51609
51611
51613
51648
51649
51652
51655
51656
51658
51664
51665
51667
51669
51670
51673
51674
51676
51677
51680
51682
51684
51687
51692
51693
51695
51696
51697
51704
51705
51708
51712
51720
51721
51723
51724
51725
51732
51736
51753
51788
51789
51792
51796
51804
51805
51807
51808
51809
51816
51837
51844
51864
51900
51901
51904
51908
51916
51917
51919
51921
51923
51928
51929
51936
51948
51956
51976
51984
51988
51992
52000
52001
52033
52040
52041
52044
52048
52056
52057
52061
52068
52088
52089
52124
52152
52180
52196
52199
52201
52236
52237
52240
52244
52252
52253
52257
52258
52263
52264
52265
52268
52270
52272
52280
52281
52283
52284
52285
52286
52292
52293
52296
52300
52308
52309
52311
52312
52313
52320
52324
52326
52328
52336
52341
52376
52377
52380
52384
52392
52393
52395
52396
52397
52404
52405
52408
52412
52420
52421
52423
52425
52432
52436
52452
52460
52464
52481
52488
52489
52492
52496
52504
52505
52507
52509
52516
52520
52524
52537
52572
52576
52580
52588
52589
52591
52593
52600
52616
52628
52629
52632
52636
52644
52645
52647
52649
52656
52676
52684
52688
52712
52716
52720
52728
52729
52731
52733
52740
52744
52748
52756
52761
52768
52769
52772
52776
52784
52785
52787
52789
52824
52825
52828
52831
52832
52833
52840
52841
52843
52845
52852
52853
52856
52860
52868
52869
52871
52873
52880
52881
52884
52888
52896
52897
52899
52900
52901
52908
52909
52929
52964
52965
52968
52971
52972
52980
52981
52983
52984
52985
52992
52993
52996
53000
53008
53009
53011
53013
53020
53024
53028
53036
53037
53039
53040
53041
53048
53076
53077
53080
53084
53092
53093
53095
53097
53104
53105
53108
53112
53120
53125
53132
53153
53160
53168
53188
53216
53217
53220
53224
53232
53233
53235
53237
53244
53248
53252
53265
53272
53293
53300
53301
53304
53308
53316
53317
53319
53321
53328
53332
53336
53344
53356
53357
53360
53364
53372
53373
53377
53412
53413
53416
53420
53428
53429
53431
53433
53440
53441
53444
53448
53449
53456
53457
53459
53460
53461
53468
53469
53472
53476
53484
53485
53487
53488
53489
53496
53517
53552
53553
53556
53560
53562
53568
53569
53571
53572
53573
53580
53581
53584
53588
53596
53597
53599
53601
53608
53612
53628
53636
53640
53664
53665
53668
53672
53680
53681
53683
53685
53690
53692
53696
53720
53748
53752
53767
53769
53776
53804
53805
53808
53812
53820
53821
53823
53825
53832
53852
53860
53888
53889
53892
53896
53904
53905
53909
53916
53920
53924
53932
53937
53944
53945
53948
53951
53952
53954
53960
53961
53963
53972
53976
53980
53988
53989
54000
54001
54004
54008
54016
54017
54019
54021
54028
54029
54030
54032
54036
54038
54044
54045
54047
54048
54049
54053
54056
54057
54060
54064
54072
54073
54075
54076
54077
54084
54085
54140
54141
54144
54148
54156
54157
54159
54160
54161
54168
54169
54172
54176
54184
54185
54187
54189
54196
54200
54204
54212
54213
54216
54217
54224
54232
54241
54243
54252
54253
54256
54260
54268
54269
54271
54273
54280
54301
54336
54340
54364
54368
54372
54381
54383
54392
54393
54396
54399
54400
54402
54408
54409
54411
54413
54420
54441
54476
54480
54484
54492
54495
54504
54508
54512
54520
54523
54525
54532
54536
54540
54548
54549
54551
54588
54589
54592
54596
54604
54605
54607
54609
54616
54617
54620
54624
54629
54632
54633
54635
54637
54644
54645
54648
54652
54660
54661
54663
54664
54665
54672
54693
54728
54729
54732
54736
54738
54744
54745
54747
54749
54756
54757
54760
54764
54772
54773
54775
54777
54784
54785
54788
54792
54800
54801
54803
54804
54805
54812
54816
54820
54829
54840
54841
54844
54848
54853
54856
54857
54859
54861
54865
54868
54869
54872
54876
54887
54889
54896
54897
54900
54915
54917
54924
54925
54928
54932
54941
54943
54945
54952
54956
54960
54969
54971
54980
54981
54984
54988
54993
54996
54999
55001
55008
55012
55016
55024
55029
55036
55037
55040
55044
55057
55064
55065
55068
55072
55080
55081
55083
55085
55092
55093
55096
55100
55108
55111
55113
55120
55121
55124
55126
55127
55128
55129
55136
55137
55139
55141
55145
55148
55152
55156
55164
55165
55169
55176
55177
55180
55184
55192
55193
55195
55197
57344
57345
57346
57347
57348
57349
57350
57351
57352
57353
57354
57355
57356
57357
57358
57359
57360
57361
57362
57363
57364
57365
57366
57367
57368
57369
57370
57371
57372
57373
57374
57375
57376
57377
57378
57379
57380
57381
57382
57383
57384
57385
57386
57387
57388
57389
57390
57391
57392
57393
57394
57395
57396
57397
57398
57399
57400
57401
57402
57403
57404
57405
57406
57407
57408
57409
57410
57411
57412
57413
57414
57415
57416
57417
57418
57419
57420
57421
57422
57423
57424
57425
57426
57427
57428
57429
57430
57431
57432
57433
57434
57435
57436
57437
57438
57439
57440
57441
57442
57443
57444
57445
57446
57447
57448
57449
57450
57451
57452
57453
57454
57455
57456
57457
57458
57459
57460
57461
57462
57463
57464
57465
57466
57467
57468
57469
57470
57471
57472
57473
57474
57475
57476
57477
57478
57479
57480
57481
57482
57483
57484
57485
57486
57487
57488
57489
57490
57491
57492
57493
57494
57495
57496
57497
57498
57499
57500
57501
57502
57503
57504
57505
57506
57507
57508
57509
57510
57511
57512
57513
57514
57515
57516
57517
57518
57519
57520
57521
57522
57523
57524
57525
57526
57527
57528
57529
57530
57531
57532
57533
57534
57535
57536
57537
57538
57539
57540
57541
57542
57543
57544
57545
57546
57547
57548
57549
57550
57551
57552
57553
57554
57555
57556
57557
57558
57559
57560
57561
57562
57563
57564
57565
57566
57567
57568
57569
57570
57571
57572
57573
57574
57575
57576
57577
57578
57579
57580
57581
57582
57583
57584
57585
57586
57587
57588
57589
57590
57591
57592
57593
57594
57595
57596
57597
57598
57599
57600
57601
57602
57603
57604
57605
57606
57607
57608
57609
57610
57611
57612
57613
57614
57615
57616
57617
57618
57619
57620
57621
57622
57623
57624
57625
57626
57627
57628
57629
57630
57631
57632
57633
57634
57635
57636
57637
57638
57639
57640
57641
57642
57643
57644
57645
57646
57647
57648
57649
57650
57651
57652
57653
57654
57655
57656
57657
57658
57659
57660
57661
57662
57663
57664
57665
57666
57667
57668
57669
57670
57671
57672
57673
57674
57675
57676
57677
57678
57679
57680
57681
57682
57683
57684
57685
57686
57687
57688
57689
57690
57691
57692
57693
57694
57695
57696
57697
57698
57699
57700
57701
57702
57703
57704
57705
57706
57707
57708
57709
57710
57711
57712
57713
57714
57715
57716
57717
57718
57719
57720
57721
57722
57723
57724
57725
57726
57727
57728
57729
57730
57731
57732
57733
57734
57735
57736
57737
57738
57739
57740
57741
57742
57743
57744
57745
57746
57747
57748
57749
57750
57751
57752
57753
57754
57755
57756
57757
57758
57759
57760
57761
57762
57763
57764
57765
57766
57767
57768
57769
57770
57771
57772
57773
57774
57775
57776
57777
57778
57779
57780
57781
57782
57783
57784
57785
57786
57787
57788
57789
57790
57791
57792
57793
57794
57795
57796
57797
57798
57799
57800
57801
57802
57803
57804
57805
57806
57807
57808
57809
57810
57811
57812
57813
57814
57815
57816
57817
57818
57819
57820
57821
57822
57823
57824
57825
57826
57827
57828
57829
57830
57831
57832
57833
57834
57835
57836
57837
57838
57839
57840
57841
57842
57843
57844
57845
57846
57847
57848
57849
57850
57851
57852
57853
57854
57855
57856
57857
57858
57859
57860
57861
57862
57863
57864
57865
57866
57867
57868
57869
57870
57871
57872
57873
57874
57875
57876
57877
57878
57879
57880
57881
57882
57883
57884
57885
57886
57887
57888
57889
57890
57891
57892
57893
57894
57895
57896
57897
57898
57899
57900
57901
57902
57903
57904
57905
57906
57907
57908
57909
57910
57911
57912
57913
57914
57915
57916
57917
57918
57919
57920
57921
57922
57923
57924
57925
57926
57927
57928
57929
57930
57931
57932
57933
57934
57935
57936
57937
57938
57939
57940
57941
57942
57943
57944
57945
57946
57947
57948
57949
57950
57951
57952
57953
57954
57955
57956
57957
57958
57959
57960
57961
57962
57963
57964
57965
57966
57967
57968
57969
57970
57971
57972
57973
57974
57975
57976
57977
57978
57979
57980
57981
57982
57983
57984
57985
57986
57987
57988
57989
57990
57991
57992
57993
57994
57995
57996
57997
57998
57999
58000
58001
58002
58003
58004
58005
58006
58007
58008
58009
58010
58011
58012
58013
58014
58015
58016
58017
58018
58019
58020
58021
58022
58023
58024
58025
58026
58027
58028
58029
58030
58031
58032
58033
58034
58035
58036
58037
58038
58039
58040
58041
58042
58043
58044
58045
58046
58047
58048
58049
58050
58051
58052
58053
58054
58055
58056
58057
58058
58059
58060
58061
58062
58063
58064
58065
58066
58067
58068
58069
58070
58071
58072
58073
58074
58075
58076
58077
58078
58079
58080
58081
58082
58083
58084
58085
58086
58087
58088
58089
58090
58091
58092
58093
58094
58095
58096
58097
58098
58099
58100
58101
58102
58103
58104
58105
58106
58107
58108
58109
58110
58111
58112
58113
58114
58115
58116
58117
58118
58119
58120
58121
58122
58123
58124
58125
58126
58127
58128
58129
58130
58131
58132
58133
58134
58135
58136
58137
58138
58139
58140
58141
58142
58143
58144
58145
58146
58147
58148
58149
58150
58151
58152
58153
58154
58155
58156
58157
58158
58159
58160
58161
58162
58163
58164
58165
58166
58167
58168
58169
58170
58171
58172
58173
58174
58175
58176
58177
58178
58179
58180
58181
58182
58183
58184
58185
58186
58187
58188
58189
58190
58191
58192
58193
58194
58195
58196
58197
58198
58199
58200
58201
58202
58203
58204
58205
58206
58207
58208
58209
58210
58211
58212
58213
58214
58215
58216
58217
58218
58219
58220
58221
58222
58223
58224
58225
58226
58227
58228
58229
58230
58231
58232
58233
58234
58235
58236
58237
58238
58239
58240
58241
58242
58243
58244
58245
58246
58247
58248
58249
58250
58251
58252
58253
58254
58255
58256
58257
58258
58259
58260
58261
58262
58263
58264
58265
58266
58267
58268
58269
58270
58271
58272
58273
58274
58275
58276
58277
58278
58279
58280
58281
58282
58283
58284
58285
58286
58287
58288
58289
58290
58291
58292
58293
58294
58295
58296
58297
58298
58299
58300
58301
58302
58303
58304
58305
58306
58307
58308
58309
58310
58311
58312
58313
58314
58315
58316
58317
58318
58319
58320
58321
58322
58323
58324
58325
58326
58327
58328
58329
58330
58331
58332
58333
58334
58335
58336
58337
58338
58339
58340
58341
58342
58343
58344
58345
58346
58347
58348
58349
58350
58351
58352
58353
58354
58355
58356
58357
58358
58359
58360
58361
58362
58363
58364
58365
58366
58367
58368
58369
58370
58371
58372
58373
58374
58375
58376
58377
58378
58379
58380
58381
58382
58383
58384
58385
58386
58387
58388
58389
58390
58391
58392
58393
58394
58395
58396
58397
58398
58399
58400
58401
58402
58403
58404
58405
58406
58407
58408
58409
58410
58411
58412
58413
58414
58415
58416
58417
58418
58419
58420
58421
58422
58423
58424
58425
58426
58427
58428
58429
58430
58431
58432
58433
58434
58435
58436
58437
58438
58439
58440
58441
58442
58443
58444
58445
58446
58447
58448
58449
58450
58451
58452
58453
58454
58455
58456
58457
58458
58459
58460
58461
58462
58463
58464
58465
58466
58467
58468
58469
58470
58471
58472
58473
58474
58475
58476
58477
58478
58479
58480
58481
58482
58483
58484
58485
58486
58487
58488
58489
58490
58491
58492
58493
58494
58495
58496
58497
58498
58499
58500
58501
58502
58503
58504
58505
58506
58507
58508
58509
58510
58511
58512
58513
58514
58515
58516
58517
58518
58519
58520
58521
58522
58523
58524
58525
58526
58527
58528
58529
58530
58531
58532
58533
58534
58535
58536
58537
58538
58539
58540
58541
58542
58543
58544
58545
58546
58547
58548
58549
58550
58551
58552
58553
58554
58555
58556
58557
58558
58559
58560
58561
58562
58563
58564
58565
59238
59239
59240
59241
59242
59243
59244
59245
59246
59247
59248
59249
59250
59251
59252
59253
59254
59255
59256
59257
59258
59259
59260
59261
59262
59263
59264
59265
59266
59267
59268
59269
59270
59271
59272
59273
59274
59275
59276
59277
59278
59279
59280
59281
59282
59283
59284
59285
59286
59287
59288
59289
59290
59291
59292
59293
59294
59295
59296
59297
59298
59299
59300
59301
59302
59303
59304
59305
59306
59307
59308
59309
59310
59311
59312
59313
59314
59315
59316
59317
59318
59319
59320
59321
59322
59323
59335
59336
59337
59338
59339
59340
59341
59342
59343
59344
59345
59346
59347
59348
59349
59350
59351
59352
59353
59354
59355
59356
59357
59358
59359
59360
59361
59390
59391
59392
59393
59394
59395
59396
59397
59398
59399
59400
59401
59402
59403
59404
59405
59406
59407
59408
59409
59410
59411
59412
65072
65073
65075
65076
65077
65078
65079
65080
65081
65082
65083
65084
65085
65086
65087
65088
65089
65090
65091
65092
65097
65098
65099
65100
65101
65102
65103
65104
65105
65106
65108
65109
65110
65111
65113
65114
65115
65116
65117
65118
65119
65120
65121
65122
65123
65124
65125
65126
65128
65129
65130
65131
65279
65281
65282
65283
65284
65285
65286
65287
65288
65289
65290
65291
65292
65293
65294
65295
65296
65297
65298
65299
65300
65301
65302
65303
65304
65305
65306
65307
65308
65309
65310
65311
65312
65313
65314
65315
65316
65317
65318
65319
65320
65321
65322
65323
65324
65325
65326
65327
65328
65329
65330
65331
65332
65333
65334
65335
65336
65337
65338
65339
65340
65341
65342
65343
65344
65345
65346
65347
65348
65349
65350
65351
65352
65353
65354
65355
65356
65357
65358
65359
65360
65361
65362
65363
65364
65365
65366
65367
65368
65369
65370
65371
65372
65373
65374
65377
65378
65379
65380
65381
65382
65383
65384
65385
65386
65387
65388
65389
65390
65391
65392
65393
65394
65395
65396
65397
65398
65399
65400
65401
65402
65403
65404
65405
65406
65407
65408
65409
65410
65411
65412
65413
65414
65415
65416
65417
65418
65419
65420
65421
65422
65423
65424
65425
65426
65427
65428
65429
65430
65431
65432
65433
65434
65435
65436
65437
65438
65439
65504
65505
65506
65507
65509
